prompt_version,question_id,run_id,precision,recall,f1,jaccard,n_pred,n_ref,n_inter
v2,Q1,1,0.0,0.0,0.0,0.0,1,2,0
v2,Q1,2,0.0,0.0,0.0,0.0,1,2,0
v2,Q1,3,0.0,0.0,0.0,0.0,1,2,0
v2,Q1,4,0.0,0.0,0.0,0.0,1,2,0
v2,Q1,5,0.0,0.0,0.0,0.0,1,2,0
v2,Q1,6,0.0,0.0,0.0,0.0,1,2,0
v2,Q1,7,0.0,0.0,0.0,0.0,1,2,0
v2,Q1,8,0.0,0.0,0.0,0.0,1,2,0
v2,Q1,9,0.0,0.0,0.0,0.0,1,2,0
v2,Q1,10,0.0,0.0,0.0,0.0,1,2,0
v2,Q1,11,0.0,0.0,0.0,0.0,1,2,0
v2,Q1,12,0.0,0.0,0.0,0.0,1,2,0
v2,Q1,13,0.0,0.0,0.0,0.0,1,2,0
v2,Q1,14,0.0,0.0,0.0,0.0,1,2,0
v2,Q1,15,0.0,0.0,0.0,0.0,1,2,0
v2,Q1,16,0.0,0.0,0.0,0.0,1,2,0
v2,Q1,17,0.0,0.0,0.0,0.0,1,2,0
v2,Q1,18,0.0,0.0,0.0,0.0,1,2,0
v2,Q1,19,0.0,0.0,0.0,0.0,1,2,0
v2,Q1,20,0.0,0.0,0.0,0.0,1,2,0
v2,Q1,21,0.0,0.0,0.0,0.0,1,2,0
v2,Q1,22,0.0,0.0,0.0,0.0,1,2,0
v2,Q1,23,0.0,0.0,0.0,0.0,1,2,0
v2,Q1,24,0.0,0.0,0.0,0.0,1,2,0
v2,Q1,25,0.0,0.0,0.0,0.0,1,2,0
v2,Q10,1,0.0,0.0,0.0,0.0,1,1,0
v2,Q10,2,0.0,0.0,0.0,0.0,0,1,0
v2,Q10,3,0.0,0.0,0.0,0.0,0,1,0
v2,Q10,4,0.0,0.0,0.0,0.0,0,1,0
v2,Q10,5,0.0,0.0,0.0,0.0,0,1,0
v2,Q10,6,0.0,0.0,0.0,0.0,0,1,0
v2,Q10,7,0.0,0.0,0.0,0.0,0,1,0
v2,Q10,8,0.0,0.0,0.0,0.0,0,1,0
v2,Q10,9,0.0,0.0,0.0,0.0,0,1,0
v2,Q10,10,0.0,0.0,0.0,0.0,0,1,0
v2,Q10,11,0.0,0.0,0.0,0.0,0,1,0
v2,Q10,12,0.0,0.0,0.0,0.0,0,1,0
v2,Q10,13,0.0,0.0,0.0,0.0,0,1,0
v2,Q10,14,0.0,0.0,0.0,0.0,0,1,0
v2,Q10,15,0.0,0.0,0.0,0.0,0,1,0
v2,Q10,16,0.0,0.0,0.0,0.0,0,1,0
v2,Q10,17,0.0,0.0,0.0,0.0,0,1,0
v2,Q10,18,0.0,0.0,0.0,0.0,0,1,0
v2,Q10,19,0.0,0.0,0.0,0.0,0,1,0
v2,Q10,20,0.0,0.0,0.0,0.0,0,1,0
v2,Q10,21,0.0,0.0,0.0,0.0,0,1,0
v2,Q10,22,0.0,0.0,0.0,0.0,0,1,0
v2,Q10,23,0.0,0.0,0.0,0.0,0,1,0
v2,Q10,24,0.0,0.0,0.0,0.0,0,1,0
v2,Q10,25,0.0,0.0,0.0,0.0,0,1,0
v2,Q100,1,0.0,0.0,0.0,0.0,1,3,0
v2,Q100,2,0.0,0.0,0.0,0.0,1,3,0
v2,Q100,3,0.0,0.0,0.0,0.0,1,3,0
v2,Q100,4,0.0,0.0,0.0,0.0,1,3,0
v2,Q100,5,1.0,0.3333333333333333,0.5,0.3333333333333333,1,3,1
v2,Q100,6,1.0,0.3333333333333333,0.5,0.3333333333333333,1,3,1
v2,Q100,7,0.0,0.0,0.0,0.0,1,3,0
v2,Q100,8,0.0,0.0,0.0,0.0,1,3,0
v2,Q100,9,0.0,0.0,0.0,0.0,1,3,0
v2,Q100,10,1.0,0.3333333333333333,0.5,0.3333333333333333,1,3,1
v2,Q100,11,0.0,0.0,0.0,0.0,1,3,0
v2,Q100,12,1.0,0.3333333333333333,0.5,0.3333333333333333,1,3,1
v2,Q100,13,0.0,0.0,0.0,0.0,1,3,0
v2,Q100,14,0.0,0.0,0.0,0.0,1,3,0
v2,Q100,15,0.0,0.0,0.0,0.0,1,3,0
v2,Q100,16,1.0,0.3333333333333333,0.5,0.3333333333333333,1,3,1
v2,Q100,17,1.0,0.3333333333333333,0.5,0.3333333333333333,1,3,1
v2,Q100,18,0.0,0.0,0.0,0.0,1,3,0
v2,Q100,19,0.0,0.0,0.0,0.0,1,3,0
v2,Q100,20,0.0,0.0,0.0,0.0,1,3,0
v2,Q100,21,0.0,0.0,0.0,0.0,1,3,0
v2,Q100,22,0.0,0.0,0.0,0.0,1,3,0
v2,Q100,23,0.0,0.0,0.0,0.0,1,3,0
v2,Q100,24,0.0,0.0,0.0,0.0,1,3,0
v2,Q100,25,0.0,0.0,0.0,0.0,1,3,0
v2,Q101,1,0.0,0.0,0.0,0.0,0,8,0
v2,Q101,2,0.0,0.0,0.0,0.0,0,8,0
v2,Q101,3,0.0,0.0,0.0,0.0,0,8,0
v2,Q101,4,0.0,0.0,0.0,0.0,0,8,0
v2,Q101,5,0.0,0.0,0.0,0.0,0,8,0
v2,Q101,6,0.0,0.0,0.0,0.0,0,8,0
v2,Q101,7,0.0,0.0,0.0,0.0,0,8,0
v2,Q101,8,0.0,0.0,0.0,0.0,0,8,0
v2,Q101,9,0.0,0.0,0.0,0.0,0,8,0
v2,Q101,10,0.0,0.0,0.0,0.0,0,8,0
v2,Q101,11,0.0,0.0,0.0,0.0,0,8,0
v2,Q101,12,0.0,0.0,0.0,0.0,0,8,0
v2,Q101,13,0.0,0.0,0.0,0.0,0,8,0
v2,Q101,14,0.0,0.0,0.0,0.0,0,8,0
v2,Q101,15,0.0,0.0,0.0,0.0,0,8,0
v2,Q101,16,0.0,0.0,0.0,0.0,0,8,0
v2,Q101,17,0.0,0.0,0.0,0.0,0,8,0
v2,Q101,18,0.0,0.0,0.0,0.0,0,8,0
v2,Q101,19,0.0,0.0,0.0,0.0,0,8,0
v2,Q101,20,0.0,0.0,0.0,0.0,0,8,0
v2,Q101,21,0.0,0.0,0.0,0.0,0,8,0
v2,Q101,22,0.0,0.0,0.0,0.0,0,8,0
v2,Q101,23,0.0,0.0,0.0,0.0,0,8,0
v2,Q101,24,0.0,0.0,0.0,0.0,0,8,0
v2,Q101,25,0.0,0.0,0.0,0.0,0,8,0
v2,Q102,1,0.0,0.0,0.0,0.0,1,5,0
v2,Q102,2,0.0,0.0,0.0,0.0,1,5,0
v2,Q102,3,0.0,0.0,0.0,0.0,1,5,0
v2,Q102,4,0.0,0.0,0.0,0.0,1,5,0
v2,Q102,5,0.0,0.0,0.0,0.0,1,5,0
v2,Q102,6,0.0,0.0,0.0,0.0,1,5,0
v2,Q102,7,0.0,0.0,0.0,0.0,1,5,0
v2,Q102,8,0.0,0.0,0.0,0.0,1,5,0
v2,Q102,9,0.0,0.0,0.0,0.0,1,5,0
v2,Q102,10,1.0,0.2,0.33333333333333337,0.2,1,5,1
v2,Q102,11,0.0,0.0,0.0,0.0,1,5,0
v2,Q102,12,0.0,0.0,0.0,0.0,1,5,0
v2,Q102,13,0.0,0.0,0.0,0.0,1,5,0
v2,Q102,14,0.0,0.0,0.0,0.0,1,5,0
v2,Q102,15,0.0,0.0,0.0,0.0,1,5,0
v2,Q102,16,0.0,0.0,0.0,0.0,1,5,0
v2,Q102,17,1.0,0.2,0.33333333333333337,0.2,1,5,1
v2,Q102,18,1.0,0.2,0.33333333333333337,0.2,1,5,1
v2,Q102,19,0.0,0.0,0.0,0.0,1,5,0
v2,Q102,20,0.0,0.0,0.0,0.0,1,5,0
v2,Q102,21,0.0,0.0,0.0,0.0,1,5,0
v2,Q102,22,0.0,0.0,0.0,0.0,1,5,0
v2,Q102,23,1.0,0.2,0.33333333333333337,0.2,1,5,1
v2,Q102,24,0.0,0.0,0.0,0.0,1,5,0
v2,Q102,25,0.0,0.0,0.0,0.0,1,5,0
v2,Q103,1,0.0,0.0,0.0,0.0,0,8,0
v2,Q103,2,0.0,0.0,0.0,0.0,0,8,0
v2,Q103,3,1.0,0.125,0.2222222222222222,0.125,1,8,1
v2,Q103,4,0.0,0.0,0.0,0.0,0,8,0
v2,Q103,5,1.0,0.125,0.2222222222222222,0.125,1,8,1
v2,Q103,6,0.0,0.0,0.0,0.0,0,8,0
v2,Q103,7,0.0,0.0,0.0,0.0,0,8,0
v2,Q103,8,0.0,0.0,0.0,0.0,0,8,0
v2,Q103,9,1.0,0.125,0.2222222222222222,0.125,1,8,1
v2,Q103,10,1.0,0.125,0.2222222222222222,0.125,1,8,1
v2,Q103,11,0.0,0.0,0.0,0.0,0,8,0
v2,Q103,12,0.0,0.0,0.0,0.0,0,8,0
v2,Q103,13,0.0,0.0,0.0,0.0,0,8,0
v2,Q103,14,0.0,0.0,0.0,0.0,0,8,0
v2,Q103,15,1.0,0.125,0.2222222222222222,0.125,1,8,1
v2,Q103,16,0.0,0.0,0.0,0.0,1,8,0
v2,Q103,17,0.0,0.0,0.0,0.0,0,8,0
v2,Q103,18,0.0,0.0,0.0,0.0,0,8,0
v2,Q103,19,0.0,0.0,0.0,0.0,0,8,0
v2,Q103,20,0.0,0.0,0.0,0.0,0,8,0
v2,Q103,21,0.0,0.0,0.0,0.0,0,8,0
v2,Q103,22,0.0,0.0,0.0,0.0,0,8,0
v2,Q103,23,0.0,0.0,0.0,0.0,0,8,0
v2,Q103,24,1.0,0.125,0.2222222222222222,0.125,1,8,1
v2,Q103,25,0.0,0.0,0.0,0.0,0,8,0
v2,Q104,1,1.0,0.14285714285714285,0.25,0.14285714285714285,1,7,1
v2,Q104,2,0.0,0.0,0.0,0.0,1,7,0
v2,Q104,3,1.0,0.14285714285714285,0.25,0.14285714285714285,1,7,1
v2,Q104,4,1.0,0.14285714285714285,0.25,0.14285714285714285,1,7,1
v2,Q104,5,0.0,0.0,0.0,0.0,1,7,0
v2,Q104,6,1.0,0.14285714285714285,0.25,0.14285714285714285,1,7,1
v2,Q104,7,1.0,0.14285714285714285,0.25,0.14285714285714285,1,7,1
v2,Q104,8,1.0,0.14285714285714285,0.25,0.14285714285714285,1,7,1
v2,Q104,9,1.0,0.14285714285714285,0.25,0.14285714285714285,1,7,1
v2,Q104,10,1.0,0.14285714285714285,0.25,0.14285714285714285,1,7,1
v2,Q104,11,1.0,0.14285714285714285,0.25,0.14285714285714285,1,7,1
v2,Q104,12,1.0,0.14285714285714285,0.25,0.14285714285714285,1,7,1
v2,Q104,13,1.0,0.14285714285714285,0.25,0.14285714285714285,1,7,1
v2,Q104,14,0.0,0.0,0.0,0.0,1,7,0
v2,Q104,15,1.0,0.14285714285714285,0.25,0.14285714285714285,1,7,1
v2,Q104,16,0.0,0.0,0.0,0.0,1,7,0
v2,Q104,17,1.0,0.14285714285714285,0.25,0.14285714285714285,1,7,1
v2,Q104,18,1.0,0.14285714285714285,0.25,0.14285714285714285,1,7,1
v2,Q104,19,1.0,0.14285714285714285,0.25,0.14285714285714285,1,7,1
v2,Q104,20,1.0,0.14285714285714285,0.25,0.14285714285714285,1,7,1
v2,Q104,21,1.0,0.14285714285714285,0.25,0.14285714285714285,1,7,1
v2,Q104,22,1.0,0.14285714285714285,0.25,0.14285714285714285,1,7,1
v2,Q104,23,1.0,0.14285714285714285,0.25,0.14285714285714285,1,7,1
v2,Q104,24,0.0,0.0,0.0,0.0,1,7,0
v2,Q104,25,1.0,0.14285714285714285,0.25,0.14285714285714285,1,7,1
v2,Q105,1,0.0,0.0,0.0,0.0,1,7,0
v2,Q105,2,0.0,0.0,0.0,0.0,1,7,0
v2,Q105,3,1.0,0.14285714285714285,0.25,0.14285714285714285,1,7,1
v2,Q105,4,0.0,0.0,0.0,0.0,1,7,0
v2,Q105,5,1.0,0.14285714285714285,0.25,0.14285714285714285,1,7,1
v2,Q105,6,1.0,0.14285714285714285,0.25,0.14285714285714285,1,7,1
v2,Q105,7,0.0,0.0,0.0,0.0,1,7,0
v2,Q105,8,1.0,0.14285714285714285,0.25,0.14285714285714285,1,7,1
v2,Q105,9,1.0,0.14285714285714285,0.25,0.14285714285714285,1,7,1
v2,Q105,10,1.0,0.14285714285714285,0.25,0.14285714285714285,1,7,1
v2,Q105,11,0.0,0.0,0.0,0.0,1,7,0
v2,Q105,12,1.0,0.14285714285714285,0.25,0.14285714285714285,1,7,1
v2,Q105,13,1.0,0.14285714285714285,0.25,0.14285714285714285,1,7,1
v2,Q105,14,1.0,0.14285714285714285,0.25,0.14285714285714285,1,7,1
v2,Q105,15,1.0,0.14285714285714285,0.25,0.14285714285714285,1,7,1
v2,Q105,16,1.0,0.14285714285714285,0.25,0.14285714285714285,1,7,1
v2,Q105,17,0.0,0.0,0.0,0.0,1,7,0
v2,Q105,18,0.0,0.0,0.0,0.0,1,7,0
v2,Q105,19,0.0,0.0,0.0,0.0,1,7,0
v2,Q105,20,0.0,0.0,0.0,0.0,1,7,0
v2,Q105,21,1.0,0.14285714285714285,0.25,0.14285714285714285,1,7,1
v2,Q105,22,0.0,0.0,0.0,0.0,1,7,0
v2,Q105,23,1.0,0.14285714285714285,0.25,0.14285714285714285,1,7,1
v2,Q105,24,1.0,0.14285714285714285,0.25,0.14285714285714285,1,7,1
v2,Q105,25,0.0,0.0,0.0,0.0,1,7,0
v2,Q106,1,0.0,0.0,0.0,0.0,1,9,0
v2,Q106,2,0.0,0.0,0.0,0.0,1,9,0
v2,Q106,3,0.0,0.0,0.0,0.0,1,9,0
v2,Q106,4,0.0,0.0,0.0,0.0,1,9,0
v2,Q106,5,0.0,0.0,0.0,0.0,1,9,0
v2,Q106,6,0.0,0.0,0.0,0.0,1,9,0
v2,Q106,7,0.0,0.0,0.0,0.0,1,9,0
v2,Q106,8,0.0,0.0,0.0,0.0,1,9,0
v2,Q106,9,0.0,0.0,0.0,0.0,1,9,0
v2,Q106,10,1.0,0.1111111111111111,0.19999999999999998,0.1111111111111111,1,9,1
v2,Q106,11,1.0,0.1111111111111111,0.19999999999999998,0.1111111111111111,1,9,1
v2,Q106,12,0.0,0.0,0.0,0.0,1,9,0
v2,Q106,13,1.0,0.1111111111111111,0.19999999999999998,0.1111111111111111,1,9,1
v2,Q106,14,0.0,0.0,0.0,0.0,1,9,0
v2,Q106,15,0.0,0.0,0.0,0.0,1,9,0
v2,Q106,16,1.0,0.1111111111111111,0.19999999999999998,0.1111111111111111,1,9,1
v2,Q106,17,0.0,0.0,0.0,0.0,1,9,0
v2,Q106,18,0.0,0.0,0.0,0.0,1,9,0
v2,Q106,19,1.0,0.1111111111111111,0.19999999999999998,0.1111111111111111,1,9,1
v2,Q106,20,0.0,0.0,0.0,0.0,1,9,0
v2,Q106,21,0.0,0.0,0.0,0.0,1,9,0
v2,Q106,22,1.0,0.1111111111111111,0.19999999999999998,0.1111111111111111,1,9,1
v2,Q106,23,0.0,0.0,0.0,0.0,1,9,0
v2,Q106,24,0.0,0.0,0.0,0.0,1,9,0
v2,Q106,25,0.0,0.0,0.0,0.0,1,9,0
v2,Q107,1,1.0,0.14285714285714285,0.25,0.14285714285714285,1,7,1
v2,Q107,2,1.0,0.14285714285714285,0.25,0.14285714285714285,1,7,1
v2,Q107,3,1.0,0.14285714285714285,0.25,0.14285714285714285,1,7,1
v2,Q107,4,0.0,0.0,0.0,0.0,1,7,0
v2,Q107,5,0.0,0.0,0.0,0.0,1,7,0
v2,Q107,6,1.0,0.14285714285714285,0.25,0.14285714285714285,1,7,1
v2,Q107,7,1.0,0.14285714285714285,0.25,0.14285714285714285,1,7,1
v2,Q107,8,1.0,0.14285714285714285,0.25,0.14285714285714285,1,7,1
v2,Q107,9,1.0,0.14285714285714285,0.25,0.14285714285714285,1,7,1
v2,Q107,10,1.0,0.14285714285714285,0.25,0.14285714285714285,1,7,1
v2,Q107,11,1.0,0.14285714285714285,0.25,0.14285714285714285,1,7,1
v2,Q107,12,1.0,0.14285714285714285,0.25,0.14285714285714285,1,7,1
v2,Q107,13,1.0,0.14285714285714285,0.25,0.14285714285714285,1,7,1
v2,Q107,14,0.0,0.0,0.0,0.0,1,7,0
v2,Q107,15,1.0,0.14285714285714285,0.25,0.14285714285714285,1,7,1
v2,Q107,16,0.0,0.0,0.0,0.0,1,7,0
v2,Q107,17,1.0,0.14285714285714285,0.25,0.14285714285714285,1,7,1
v2,Q107,18,1.0,0.14285714285714285,0.25,0.14285714285714285,1,7,1
v2,Q107,19,0.0,0.0,0.0,0.0,1,7,0
v2,Q107,20,0.0,0.0,0.0,0.0,1,7,0
v2,Q107,21,1.0,0.14285714285714285,0.25,0.14285714285714285,1,7,1
v2,Q107,22,0.0,0.0,0.0,0.0,1,7,0
v2,Q107,23,0.0,0.0,0.0,0.0,1,7,0
v2,Q107,24,1.0,0.14285714285714285,0.25,0.14285714285714285,1,7,1
v2,Q107,25,1.0,0.14285714285714285,0.25,0.14285714285714285,1,7,1
v2,Q108,1,1.0,0.2,0.33333333333333337,0.2,1,5,1
v2,Q108,2,0.0,0.0,0.0,0.0,0,5,0
v2,Q108,3,1.0,0.2,0.33333333333333337,0.2,1,5,1
v2,Q108,4,0.0,0.0,0.0,0.0,0,5,0
v2,Q108,5,0.0,0.0,0.0,0.0,1,5,0
v2,Q108,6,0.0,0.0,0.0,0.0,0,5,0
v2,Q108,7,0.0,0.0,0.0,0.0,0,5,0
v2,Q108,8,1.0,0.2,0.33333333333333337,0.2,1,5,1
v2,Q108,9,1.0,0.2,0.33333333333333337,0.2,1,5,1
v2,Q108,10,0.0,0.0,0.0,0.0,0,5,0
v2,Q108,11,0.0,0.0,0.0,0.0,0,5,0
v2,Q108,12,1.0,0.2,0.33333333333333337,0.2,1,5,1
v2,Q108,13,0.0,0.0,0.0,0.0,0,5,0
v2,Q108,14,0.0,0.0,0.0,0.0,0,5,0
v2,Q108,15,0.0,0.0,0.0,0.0,1,5,0
v2,Q108,16,0.0,0.0,0.0,0.0,0,5,0
v2,Q108,17,1.0,0.2,0.33333333333333337,0.2,1,5,1
v2,Q108,18,0.0,0.0,0.0,0.0,0,5,0
v2,Q108,19,0.0,0.0,0.0,0.0,0,5,0
v2,Q108,20,0.0,0.0,0.0,0.0,1,5,0
v2,Q108,21,0.0,0.0,0.0,0.0,0,5,0
v2,Q108,22,0.0,0.0,0.0,0.0,0,5,0
v2,Q108,23,1.0,0.2,0.33333333333333337,0.2,1,5,1
v2,Q108,24,1.0,0.2,0.33333333333333337,0.2,1,5,1
v2,Q108,25,0.0,0.0,0.0,0.0,0,5,0
v2,Q109,1,0.0,0.0,0.0,0.0,1,7,0
v2,Q109,2,1.0,0.14285714285714285,0.25,0.14285714285714285,1,7,1
v2,Q109,3,0.0,0.0,0.0,0.0,1,7,0
v2,Q109,4,0.0,0.0,0.0,0.0,1,7,0
v2,Q109,5,0.0,0.0,0.0,0.0,1,7,0
v2,Q109,6,0.0,0.0,0.0,0.0,1,7,0
v2,Q109,7,0.0,0.0,0.0,0.0,1,7,0
v2,Q109,8,0.0,0.0,0.0,0.0,1,7,0
v2,Q109,9,0.0,0.0,0.0,0.0,1,7,0
v2,Q109,10,0.0,0.0,0.0,0.0,1,7,0
v2,Q109,11,0.0,0.0,0.0,0.0,1,7,0
v2,Q109,12,0.0,0.0,0.0,0.0,1,7,0
v2,Q109,13,1.0,0.14285714285714285,0.25,0.14285714285714285,1,7,1
v2,Q109,14,0.0,0.0,0.0,0.0,1,7,0
v2,Q109,15,1.0,0.14285714285714285,0.25,0.14285714285714285,1,7,1
v2,Q109,16,0.0,0.0,0.0,0.0,1,7,0
v2,Q109,17,0.0,0.0,0.0,0.0,1,7,0
v2,Q109,18,0.0,0.0,0.0,0.0,1,7,0
v2,Q109,19,0.0,0.0,0.0,0.0,1,7,0
v2,Q109,20,0.0,0.0,0.0,0.0,1,7,0
v2,Q109,21,0.0,0.0,0.0,0.0,1,7,0
v2,Q109,22,0.0,0.0,0.0,0.0,1,7,0
v2,Q109,23,1.0,0.14285714285714285,0.25,0.14285714285714285,1,7,1
v2,Q109,24,1.0,0.14285714285714285,0.25,0.14285714285714285,1,7,1
v2,Q109,25,0.0,0.0,0.0,0.0,1,7,0
v2,Q11,1,0.0,0.0,0.0,0.0,0,5,0
v2,Q11,2,0.0,0.0,0.0,0.0,0,5,0
v2,Q11,3,0.0,0.0,0.0,0.0,0,5,0
v2,Q11,4,0.0,0.0,0.0,0.0,0,5,0
v2,Q11,5,0.0,0.0,0.0,0.0,0,5,0
v2,Q11,6,0.0,0.0,0.0,0.0,0,5,0
v2,Q11,7,0.0,0.0,0.0,0.0,0,5,0
v2,Q11,8,0.0,0.0,0.0,0.0,0,5,0
v2,Q11,9,0.0,0.0,0.0,0.0,0,5,0
v2,Q11,10,0.0,0.0,0.0,0.0,0,5,0
v2,Q11,11,0.0,0.0,0.0,0.0,0,5,0
v2,Q11,12,0.0,0.0,0.0,0.0,0,5,0
v2,Q11,13,0.0,0.0,0.0,0.0,0,5,0
v2,Q11,14,0.0,0.0,0.0,0.0,0,5,0
v2,Q11,15,0.0,0.0,0.0,0.0,0,5,0
v2,Q11,16,0.0,0.0,0.0,0.0,0,5,0
v2,Q11,17,0.0,0.0,0.0,0.0,0,5,0
v2,Q11,18,0.0,0.0,0.0,0.0,0,5,0
v2,Q11,19,0.0,0.0,0.0,0.0,0,5,0
v2,Q11,20,0.0,0.0,0.0,0.0,0,5,0
v2,Q11,21,0.0,0.0,0.0,0.0,0,5,0
v2,Q11,22,0.0,0.0,0.0,0.0,0,5,0
v2,Q11,23,0.0,0.0,0.0,0.0,0,5,0
v2,Q11,24,0.0,0.0,0.0,0.0,0,5,0
v2,Q11,25,0.0,0.0,0.0,0.0,0,5,0
v2,Q110,1,0.0,0.0,0.0,0.0,1,3,0
v2,Q110,2,0.0,0.0,0.0,0.0,1,3,0
v2,Q110,3,0.0,0.0,0.0,0.0,1,3,0
v2,Q110,4,0.0,0.0,0.0,0.0,1,3,0
v2,Q110,5,0.0,0.0,0.0,0.0,1,3,0
v2,Q110,6,0.0,0.0,0.0,0.0,1,3,0
v2,Q110,7,0.0,0.0,0.0,0.0,1,3,0
v2,Q110,8,0.0,0.0,0.0,0.0,1,3,0
v2,Q110,9,0.0,0.0,0.0,0.0,1,3,0
v2,Q110,10,0.0,0.0,0.0,0.0,1,3,0
v2,Q110,11,0.0,0.0,0.0,0.0,1,3,0
v2,Q110,12,0.0,0.0,0.0,0.0,1,3,0
v2,Q110,13,0.0,0.0,0.0,0.0,1,3,0
v2,Q110,14,0.0,0.0,0.0,0.0,1,3,0
v2,Q110,15,0.0,0.0,0.0,0.0,1,3,0
v2,Q110,16,0.0,0.0,0.0,0.0,0,3,0
v2,Q110,17,0.0,0.0,0.0,0.0,1,3,0
v2,Q110,18,0.0,0.0,0.0,0.0,1,3,0
v2,Q110,19,0.0,0.0,0.0,0.0,1,3,0
v2,Q110,20,0.0,0.0,0.0,0.0,1,3,0
v2,Q110,21,0.0,0.0,0.0,0.0,1,3,0
v2,Q110,22,0.0,0.0,0.0,0.0,1,3,0
v2,Q110,23,0.0,0.0,0.0,0.0,1,3,0
v2,Q110,24,0.0,0.0,0.0,0.0,1,3,0
v2,Q110,25,0.0,0.0,0.0,0.0,1,3,0
v2,Q111,1,0.0,0.0,0.0,0.0,1,1,0
v2,Q111,2,0.0,0.0,0.0,0.0,1,1,0
v2,Q111,3,0.0,0.0,0.0,0.0,1,1,0
v2,Q111,4,0.0,0.0,0.0,0.0,1,1,0
v2,Q111,5,0.0,0.0,0.0,0.0,1,1,0
v2,Q111,6,0.0,0.0,0.0,0.0,1,1,0
v2,Q111,7,0.0,0.0,0.0,0.0,1,1,0
v2,Q111,8,0.0,0.0,0.0,0.0,1,1,0
v2,Q111,9,0.0,0.0,0.0,0.0,1,1,0
v2,Q111,10,0.0,0.0,0.0,0.0,1,1,0
v2,Q111,11,0.0,0.0,0.0,0.0,1,1,0
v2,Q111,12,0.0,0.0,0.0,0.0,1,1,0
v2,Q111,13,0.0,0.0,0.0,0.0,1,1,0
v2,Q111,14,0.0,0.0,0.0,0.0,1,1,0
v2,Q111,15,0.0,0.0,0.0,0.0,1,1,0
v2,Q111,16,0.0,0.0,0.0,0.0,1,1,0
v2,Q111,17,0.0,0.0,0.0,0.0,1,1,0
v2,Q111,18,0.0,0.0,0.0,0.0,1,1,0
v2,Q111,19,0.0,0.0,0.0,0.0,1,1,0
v2,Q111,20,0.0,0.0,0.0,0.0,1,1,0
v2,Q111,21,0.0,0.0,0.0,0.0,1,1,0
v2,Q111,22,0.0,0.0,0.0,0.0,1,1,0
v2,Q111,23,0.0,0.0,0.0,0.0,1,1,0
v2,Q111,24,0.0,0.0,0.0,0.0,1,1,0
v2,Q111,25,0.0,0.0,0.0,0.0,1,1,0
v2,Q112,1,0.0,0.0,0.0,0.0,1,7,0
v2,Q112,2,1.0,0.14285714285714285,0.25,0.14285714285714285,1,7,1
v2,Q112,3,0.0,0.0,0.0,0.0,1,7,0
v2,Q112,4,0.0,0.0,0.0,0.0,1,7,0
v2,Q112,5,1.0,0.14285714285714285,0.25,0.14285714285714285,1,7,1
v2,Q112,6,1.0,0.14285714285714285,0.25,0.14285714285714285,1,7,1
v2,Q112,7,1.0,0.14285714285714285,0.25,0.14285714285714285,1,7,1
v2,Q112,8,0.0,0.0,0.0,0.0,1,7,0
v2,Q112,9,0.0,0.0,0.0,0.0,1,7,0
v2,Q112,10,1.0,0.14285714285714285,0.25,0.14285714285714285,1,7,1
v2,Q112,11,0.0,0.0,0.0,0.0,1,7,0
v2,Q112,12,1.0,0.14285714285714285,0.25,0.14285714285714285,1,7,1
v2,Q112,13,0.0,0.0,0.0,0.0,1,7,0
v2,Q112,14,1.0,0.14285714285714285,0.25,0.14285714285714285,1,7,1
v2,Q112,15,1.0,0.14285714285714285,0.25,0.14285714285714285,1,7,1
v2,Q112,16,1.0,0.14285714285714285,0.25,0.14285714285714285,1,7,1
v2,Q112,17,0.0,0.0,0.0,0.0,1,7,0
v2,Q112,18,1.0,0.14285714285714285,0.25,0.14285714285714285,1,7,1
v2,Q112,19,1.0,0.14285714285714285,0.25,0.14285714285714285,1,7,1
v2,Q112,20,1.0,0.14285714285714285,0.25,0.14285714285714285,1,7,1
v2,Q112,21,1.0,0.14285714285714285,0.25,0.14285714285714285,1,7,1
v2,Q112,22,1.0,0.14285714285714285,0.25,0.14285714285714285,1,7,1
v2,Q112,23,1.0,0.14285714285714285,0.25,0.14285714285714285,1,7,1
v2,Q112,24,1.0,0.14285714285714285,0.25,0.14285714285714285,1,7,1
v2,Q112,25,0.0,0.0,0.0,0.0,1,7,0
v2,Q113,1,0.0,0.0,0.0,0.0,1,8,0
v2,Q113,2,1.0,0.125,0.2222222222222222,0.125,1,8,1
v2,Q113,3,1.0,0.125,0.2222222222222222,0.125,1,8,1
v2,Q113,4,1.0,0.125,0.2222222222222222,0.125,1,8,1
v2,Q113,5,0.0,0.0,0.0,0.0,1,8,0
v2,Q113,6,0.0,0.0,0.0,0.0,1,8,0
v2,Q113,7,0.0,0.0,0.0,0.0,1,8,0
v2,Q113,8,0.0,0.0,0.0,0.0,1,8,0
v2,Q113,9,1.0,0.125,0.2222222222222222,0.125,1,8,1
v2,Q113,10,1.0,0.125,0.2222222222222222,0.125,1,8,1
v2,Q113,11,0.0,0.0,0.0,0.0,1,8,0
v2,Q113,12,0.0,0.0,0.0,0.0,1,8,0
v2,Q113,13,0.0,0.0,0.0,0.0,1,8,0
v2,Q113,14,0.0,0.0,0.0,0.0,1,8,0
v2,Q113,15,1.0,0.125,0.2222222222222222,0.125,1,8,1
v2,Q113,16,0.0,0.0,0.0,0.0,1,8,0
v2,Q113,17,1.0,0.125,0.2222222222222222,0.125,1,8,1
v2,Q113,18,1.0,0.125,0.2222222222222222,0.125,1,8,1
v2,Q113,19,1.0,0.125,0.2222222222222222,0.125,1,8,1
v2,Q113,20,1.0,0.125,0.2222222222222222,0.125,1,8,1
v2,Q113,21,0.0,0.0,0.0,0.0,1,8,0
v2,Q113,22,0.0,0.0,0.0,0.0,1,8,0
v2,Q113,23,1.0,0.125,0.2222222222222222,0.125,1,8,1
v2,Q113,24,0.0,0.0,0.0,0.0,1,8,0
v2,Q113,25,0.0,0.0,0.0,0.0,1,8,0
v2,Q114,1,1.0,0.14285714285714285,0.25,0.14285714285714285,1,7,1
v2,Q114,2,0.0,0.0,0.0,0.0,1,7,0
v2,Q114,3,0.0,0.0,0.0,0.0,1,7,0
v2,Q114,4,1.0,0.14285714285714285,0.25,0.14285714285714285,1,7,1
v2,Q114,5,0.0,0.0,0.0,0.0,1,7,0
v2,Q114,6,0.0,0.0,0.0,0.0,1,7,0
v2,Q114,7,1.0,0.14285714285714285,0.25,0.14285714285714285,1,7,1
v2,Q114,8,0.0,0.0,0.0,0.0,1,7,0
v2,Q114,9,0.0,0.0,0.0,0.0,1,7,0
v2,Q114,10,0.0,0.0,0.0,0.0,1,7,0
v2,Q114,11,1.0,0.14285714285714285,0.25,0.14285714285714285,1,7,1
v2,Q114,12,1.0,0.14285714285714285,0.25,0.14285714285714285,1,7,1
v2,Q114,13,1.0,0.14285714285714285,0.25,0.14285714285714285,1,7,1
v2,Q114,14,1.0,0.14285714285714285,0.25,0.14285714285714285,1,7,1
v2,Q114,15,1.0,0.14285714285714285,0.25,0.14285714285714285,1,7,1
v2,Q114,16,1.0,0.14285714285714285,0.25,0.14285714285714285,1,7,1
v2,Q114,17,0.0,0.0,0.0,0.0,1,7,0
v2,Q114,18,1.0,0.14285714285714285,0.25,0.14285714285714285,1,7,1
v2,Q114,19,0.0,0.0,0.0,0.0,1,7,0
v2,Q114,20,1.0,0.14285714285714285,0.25,0.14285714285714285,1,7,1
v2,Q114,21,1.0,0.14285714285714285,0.25,0.14285714285714285,1,7,1
v2,Q114,22,0.0,0.0,0.0,0.0,1,7,0
v2,Q114,23,0.0,0.0,0.0,0.0,1,7,0
v2,Q114,24,1.0,0.14285714285714285,0.25,0.14285714285714285,1,7,1
v2,Q114,25,0.0,0.0,0.0,0.0,1,7,0
v2,Q115,1,0.0,0.0,0.0,0.0,1,5,0
v2,Q115,2,0.0,0.0,0.0,0.0,1,5,0
v2,Q115,3,0.0,0.0,0.0,0.0,1,5,0
v2,Q115,4,1.0,0.2,0.33333333333333337,0.2,1,5,1
v2,Q115,5,0.0,0.0,0.0,0.0,0,5,0
v2,Q115,6,0.0,0.0,0.0,0.0,1,5,0
v2,Q115,7,1.0,0.2,0.33333333333333337,0.2,1,5,1
v2,Q115,8,1.0,0.2,0.33333333333333337,0.2,1,5,1
v2,Q115,9,0.0,0.0,0.0,0.0,1,5,0
v2,Q115,10,1.0,0.2,0.33333333333333337,0.2,1,5,1
v2,Q115,11,0.0,0.0,0.0,0.0,1,5,0
v2,Q115,12,1.0,0.2,0.33333333333333337,0.2,1,5,1
v2,Q115,13,1.0,0.2,0.33333333333333337,0.2,1,5,1
v2,Q115,14,0.0,0.0,0.0,0.0,1,5,0
v2,Q115,15,1.0,0.2,0.33333333333333337,0.2,1,5,1
v2,Q115,16,1.0,0.2,0.33333333333333337,0.2,1,5,1
v2,Q115,17,0.0,0.0,0.0,0.0,1,5,0
v2,Q115,18,0.0,0.0,0.0,0.0,1,5,0
v2,Q115,19,1.0,0.2,0.33333333333333337,0.2,1,5,1
v2,Q115,20,0.0,0.0,0.0,0.0,1,5,0
v2,Q115,21,0.0,0.0,0.0,0.0,1,5,0
v2,Q115,22,0.0,0.0,0.0,0.0,1,5,0
v2,Q115,23,1.0,0.2,0.33333333333333337,0.2,1,5,1
v2,Q115,24,1.0,0.2,0.33333333333333337,0.2,1,5,1
v2,Q115,25,0.0,0.0,0.0,0.0,1,5,0
v2,Q116,1,0.0,0.0,0.0,0.0,1,8,0
v2,Q116,2,0.0,0.0,0.0,0.0,1,8,0
v2,Q116,3,0.0,0.0,0.0,0.0,1,8,0
v2,Q116,4,0.0,0.0,0.0,0.0,1,8,0
v2,Q116,5,0.0,0.0,0.0,0.0,1,8,0
v2,Q116,6,0.0,0.0,0.0,0.0,1,8,0
v2,Q116,7,0.0,0.0,0.0,0.0,1,8,0
v2,Q116,8,0.0,0.0,0.0,0.0,1,8,0
v2,Q116,9,0.0,0.0,0.0,0.0,1,8,0
v2,Q116,10,0.0,0.0,0.0,0.0,1,8,0
v2,Q116,11,1.0,0.125,0.2222222222222222,0.125,1,8,1
v2,Q116,12,0.0,0.0,0.0,0.0,1,8,0
v2,Q116,13,0.0,0.0,0.0,0.0,1,8,0
v2,Q116,14,0.0,0.0,0.0,0.0,1,8,0
v2,Q116,15,0.0,0.0,0.0,0.0,1,8,0
v2,Q116,16,0.0,0.0,0.0,0.0,1,8,0
v2,Q116,17,0.0,0.0,0.0,0.0,1,8,0
v2,Q116,18,0.0,0.0,0.0,0.0,1,8,0
v2,Q116,19,0.0,0.0,0.0,0.0,1,8,0
v2,Q116,20,0.0,0.0,0.0,0.0,1,8,0
v2,Q116,21,0.0,0.0,0.0,0.0,1,8,0
v2,Q116,22,0.0,0.0,0.0,0.0,1,8,0
v2,Q116,23,0.0,0.0,0.0,0.0,1,8,0
v2,Q116,24,0.0,0.0,0.0,0.0,1,8,0
v2,Q116,25,0.0,0.0,0.0,0.0,1,8,0
v2,Q117,1,0.0,0.0,0.0,0.0,1,5,0
v2,Q117,2,1.0,0.2,0.33333333333333337,0.2,1,5,1
v2,Q117,3,0.0,0.0,0.0,0.0,1,5,0
v2,Q117,4,1.0,0.2,0.33333333333333337,0.2,1,5,1
v2,Q117,5,0.0,0.0,0.0,0.0,1,5,0
v2,Q117,6,0.0,0.0,0.0,0.0,1,5,0
v2,Q117,7,0.0,0.0,0.0,0.0,1,5,0
v2,Q117,8,0.0,0.0,0.0,0.0,1,5,0
v2,Q117,9,0.0,0.0,0.0,0.0,1,5,0
v2,Q117,10,0.0,0.0,0.0,0.0,1,5,0
v2,Q117,11,0.0,0.0,0.0,0.0,1,5,0
v2,Q117,12,1.0,0.2,0.33333333333333337,0.2,1,5,1
v2,Q117,13,0.0,0.0,0.0,0.0,1,5,0
v2,Q117,14,0.0,0.0,0.0,0.0,1,5,0
v2,Q117,15,1.0,0.2,0.33333333333333337,0.2,1,5,1
v2,Q117,16,0.0,0.0,0.0,0.0,1,5,0
v2,Q117,17,0.0,0.0,0.0,0.0,1,5,0
v2,Q117,18,1.0,0.2,0.33333333333333337,0.2,1,5,1
v2,Q117,19,0.0,0.0,0.0,0.0,1,5,0
v2,Q117,20,0.0,0.0,0.0,0.0,1,5,0
v2,Q117,21,0.0,0.0,0.0,0.0,1,5,0
v2,Q117,22,0.0,0.0,0.0,0.0,1,5,0
v2,Q117,23,1.0,0.2,0.33333333333333337,0.2,1,5,1
v2,Q117,24,0.0,0.0,0.0,0.0,1,5,0
v2,Q117,25,0.0,0.0,0.0,0.0,1,5,0
v2,Q118,1,0.0,0.0,0.0,0.0,1,3,0
v2,Q118,2,0.0,0.0,0.0,0.0,1,3,0
v2,Q118,3,0.0,0.0,0.0,0.0,1,3,0
v2,Q118,4,0.0,0.0,0.0,0.0,1,3,0
v2,Q118,5,0.0,0.0,0.0,0.0,1,3,0
v2,Q118,6,0.0,0.0,0.0,0.0,1,3,0
v2,Q118,7,0.0,0.0,0.0,0.0,1,3,0
v2,Q118,8,0.0,0.0,0.0,0.0,1,3,0
v2,Q118,9,0.0,0.0,0.0,0.0,1,3,0
v2,Q118,10,0.0,0.0,0.0,0.0,1,3,0
v2,Q118,11,0.0,0.0,0.0,0.0,1,3,0
v2,Q118,12,0.0,0.0,0.0,0.0,1,3,0
v2,Q118,13,0.0,0.0,0.0,0.0,1,3,0
v2,Q118,14,0.0,0.0,0.0,0.0,1,3,0
v2,Q118,15,0.0,0.0,0.0,0.0,1,3,0
v2,Q118,16,0.0,0.0,0.0,0.0,1,3,0
v2,Q118,17,0.0,0.0,0.0,0.0,1,3,0
v2,Q118,18,0.0,0.0,0.0,0.0,1,3,0
v2,Q118,19,0.0,0.0,0.0,0.0,1,3,0
v2,Q118,20,0.0,0.0,0.0,0.0,1,3,0
v2,Q118,21,0.0,0.0,0.0,0.0,1,3,0
v2,Q118,22,0.0,0.0,0.0,0.0,1,3,0
v2,Q118,23,0.0,0.0,0.0,0.0,1,3,0
v2,Q118,24,0.0,0.0,0.0,0.0,1,3,0
v2,Q118,25,0.0,0.0,0.0,0.0,1,3,0
v2,Q119,1,0.0,0.0,0.0,0.0,1,7,0
v2,Q119,2,0.0,0.0,0.0,0.0,1,7,0
v2,Q119,3,1.0,0.14285714285714285,0.25,0.14285714285714285,1,7,1
v2,Q119,4,0.0,0.0,0.0,0.0,1,7,0
v2,Q119,5,0.0,0.0,0.0,0.0,1,7,0
v2,Q119,6,1.0,0.14285714285714285,0.25,0.14285714285714285,1,7,1
v2,Q119,7,0.0,0.0,0.0,0.0,1,7,0
v2,Q119,8,1.0,0.14285714285714285,0.25,0.14285714285714285,1,7,1
v2,Q119,9,1.0,0.14285714285714285,0.25,0.14285714285714285,1,7,1
v2,Q119,10,1.0,0.14285714285714285,0.25,0.14285714285714285,1,7,1
v2,Q119,11,1.0,0.14285714285714285,0.25,0.14285714285714285,1,7,1
v2,Q119,12,0.0,0.0,0.0,0.0,1,7,0
v2,Q119,13,0.0,0.0,0.0,0.0,1,7,0
v2,Q119,14,0.0,0.0,0.0,0.0,1,7,0
v2,Q119,15,1.0,0.14285714285714285,0.25,0.14285714285714285,1,7,1
v2,Q119,16,0.0,0.0,0.0,0.0,0,7,0
v2,Q119,17,1.0,0.14285714285714285,0.25,0.14285714285714285,1,7,1
v2,Q119,18,0.0,0.0,0.0,0.0,1,7,0
v2,Q119,19,0.0,0.0,0.0,0.0,1,7,0
v2,Q119,20,0.0,0.0,0.0,0.0,0,7,0
v2,Q119,21,0.0,0.0,0.0,0.0,1,7,0
v2,Q119,22,0.0,0.0,0.0,0.0,1,7,0
v2,Q119,23,0.0,0.0,0.0,0.0,1,7,0
v2,Q119,24,0.0,0.0,0.0,0.0,1,7,0
v2,Q119,25,1.0,0.14285714285714285,0.25,0.14285714285714285,1,7,1
v2,Q12,1,0.0,0.0,0.0,0.0,1,1,0
v2,Q12,2,0.0,0.0,0.0,0.0,0,1,0
v2,Q12,3,0.0,0.0,0.0,0.0,1,1,0
v2,Q12,4,0.0,0.0,0.0,0.0,1,1,0
v2,Q12,5,0.0,0.0,0.0,0.0,0,1,0
v2,Q12,6,0.0,0.0,0.0,0.0,1,1,0
v2,Q12,7,0.0,0.0,0.0,0.0,1,1,0
v2,Q12,8,0.0,0.0,0.0,0.0,0,1,0
v2,Q12,9,0.0,0.0,0.0,0.0,1,1,0
v2,Q12,10,0.0,0.0,0.0,0.0,1,1,0
v2,Q12,11,0.0,0.0,0.0,0.0,1,1,0
v2,Q12,12,0.0,0.0,0.0,0.0,1,1,0
v2,Q12,13,0.0,0.0,0.0,0.0,0,1,0
v2,Q12,14,0.0,0.0,0.0,0.0,1,1,0
v2,Q12,15,0.0,0.0,0.0,0.0,1,1,0
v2,Q12,16,0.0,0.0,0.0,0.0,0,1,0
v2,Q12,17,0.0,0.0,0.0,0.0,1,1,0
v2,Q12,18,0.0,0.0,0.0,0.0,1,1,0
v2,Q12,19,0.0,0.0,0.0,0.0,1,1,0
v2,Q12,20,0.0,0.0,0.0,0.0,1,1,0
v2,Q12,21,0.0,0.0,0.0,0.0,0,1,0
v2,Q12,22,0.0,0.0,0.0,0.0,1,1,0
v2,Q12,23,0.0,0.0,0.0,0.0,1,1,0
v2,Q12,24,0.0,0.0,0.0,0.0,1,1,0
v2,Q12,25,0.0,0.0,0.0,0.0,1,1,0
v2,Q120,1,1.0,0.1111111111111111,0.19999999999999998,0.1111111111111111,1,9,1
v2,Q120,2,1.0,0.1111111111111111,0.19999999999999998,0.1111111111111111,1,9,1
v2,Q120,3,1.0,0.1111111111111111,0.19999999999999998,0.1111111111111111,1,9,1
v2,Q120,4,1.0,0.1111111111111111,0.19999999999999998,0.1111111111111111,1,9,1
v2,Q120,5,1.0,0.1111111111111111,0.19999999999999998,0.1111111111111111,1,9,1
v2,Q120,6,1.0,0.1111111111111111,0.19999999999999998,0.1111111111111111,1,9,1
v2,Q120,7,1.0,0.1111111111111111,0.19999999999999998,0.1111111111111111,1,9,1
v2,Q120,8,1.0,0.1111111111111111,0.19999999999999998,0.1111111111111111,1,9,1
v2,Q120,9,1.0,0.1111111111111111,0.19999999999999998,0.1111111111111111,1,9,1
v2,Q120,10,1.0,0.1111111111111111,0.19999999999999998,0.1111111111111111,1,9,1
v2,Q120,11,1.0,0.1111111111111111,0.19999999999999998,0.1111111111111111,1,9,1
v2,Q120,12,1.0,0.1111111111111111,0.19999999999999998,0.1111111111111111,1,9,1
v2,Q120,13,1.0,0.1111111111111111,0.19999999999999998,0.1111111111111111,1,9,1
v2,Q120,14,1.0,0.1111111111111111,0.19999999999999998,0.1111111111111111,1,9,1
v2,Q120,15,1.0,0.1111111111111111,0.19999999999999998,0.1111111111111111,1,9,1
v2,Q120,16,1.0,0.1111111111111111,0.19999999999999998,0.1111111111111111,1,9,1
v2,Q120,17,1.0,0.1111111111111111,0.19999999999999998,0.1111111111111111,1,9,1
v2,Q120,18,1.0,0.1111111111111111,0.19999999999999998,0.1111111111111111,1,9,1
v2,Q120,19,1.0,0.1111111111111111,0.19999999999999998,0.1111111111111111,1,9,1
v2,Q120,20,1.0,0.1111111111111111,0.19999999999999998,0.1111111111111111,1,9,1
v2,Q120,21,1.0,0.1111111111111111,0.19999999999999998,0.1111111111111111,1,9,1
v2,Q120,22,1.0,0.1111111111111111,0.19999999999999998,0.1111111111111111,1,9,1
v2,Q120,23,1.0,0.1111111111111111,0.19999999999999998,0.1111111111111111,1,9,1
v2,Q120,24,1.0,0.1111111111111111,0.19999999999999998,0.1111111111111111,1,9,1
v2,Q120,25,1.0,0.1111111111111111,0.19999999999999998,0.1111111111111111,1,9,1
v2,Q121,1,0.0,0.0,0.0,0.0,0,9,0
v2,Q121,2,0.0,0.0,0.0,0.0,0,9,0
v2,Q121,3,0.0,0.0,0.0,0.0,0,9,0
v2,Q121,4,0.0,0.0,0.0,0.0,0,9,0
v2,Q121,5,0.0,0.0,0.0,0.0,0,9,0
v2,Q121,6,0.0,0.0,0.0,0.0,0,9,0
v2,Q121,7,0.0,0.0,0.0,0.0,0,9,0
v2,Q121,8,0.0,0.0,0.0,0.0,0,9,0
v2,Q121,9,0.0,0.0,0.0,0.0,0,9,0
v2,Q121,10,0.0,0.0,0.0,0.0,0,9,0
v2,Q121,11,0.0,0.0,0.0,0.0,0,9,0
v2,Q121,12,0.0,0.0,0.0,0.0,0,9,0
v2,Q121,13,0.0,0.0,0.0,0.0,0,9,0
v2,Q121,14,0.0,0.0,0.0,0.0,0,9,0
v2,Q121,15,0.0,0.0,0.0,0.0,0,9,0
v2,Q121,16,0.0,0.0,0.0,0.0,0,9,0
v2,Q121,17,0.0,0.0,0.0,0.0,0,9,0
v2,Q121,18,0.0,0.0,0.0,0.0,0,9,0
v2,Q121,19,0.0,0.0,0.0,0.0,0,9,0
v2,Q121,20,0.0,0.0,0.0,0.0,0,9,0
v2,Q121,21,0.0,0.0,0.0,0.0,0,9,0
v2,Q121,22,0.0,0.0,0.0,0.0,0,9,0
v2,Q121,23,0.0,0.0,0.0,0.0,0,9,0
v2,Q121,24,0.0,0.0,0.0,0.0,0,9,0
v2,Q121,25,0.0,0.0,0.0,0.0,0,9,0
v2,Q122,1,0.0,0.0,0.0,0.0,0,5,0
v2,Q122,2,0.0,0.0,0.0,0.0,1,5,0
v2,Q122,3,0.0,0.0,0.0,0.0,0,5,0
v2,Q122,4,0.0,0.0,0.0,0.0,0,5,0
v2,Q122,5,0.0,0.0,0.0,0.0,0,5,0
v2,Q122,6,0.0,0.0,0.0,0.0,1,5,0
v2,Q122,7,0.0,0.0,0.0,0.0,0,5,0
v2,Q122,8,0.0,0.0,0.0,0.0,1,5,0
v2,Q122,9,0.0,0.0,0.0,0.0,0,5,0
v2,Q122,10,0.0,0.0,0.0,0.0,1,5,0
v2,Q122,11,0.0,0.0,0.0,0.0,1,5,0
v2,Q122,12,0.0,0.0,0.0,0.0,1,5,0
v2,Q122,13,0.0,0.0,0.0,0.0,1,5,0
v2,Q122,14,0.0,0.0,0.0,0.0,0,5,0
v2,Q122,15,0.0,0.0,0.0,0.0,0,5,0
v2,Q122,16,0.0,0.0,0.0,0.0,0,5,0
v2,Q122,17,0.0,0.0,0.0,0.0,1,5,0
v2,Q122,18,0.0,0.0,0.0,0.0,0,5,0
v2,Q122,19,0.0,0.0,0.0,0.0,0,5,0
v2,Q122,20,0.0,0.0,0.0,0.0,1,5,0
v2,Q122,21,0.0,0.0,0.0,0.0,1,5,0
v2,Q122,22,0.0,0.0,0.0,0.0,0,5,0
v2,Q122,23,0.0,0.0,0.0,0.0,0,5,0
v2,Q122,24,0.0,0.0,0.0,0.0,1,5,0
v2,Q122,25,0.0,0.0,0.0,0.0,0,5,0
v2,Q123,1,0.0,0.0,0.0,0.0,1,5,0
v2,Q123,2,0.0,0.0,0.0,0.0,1,5,0
v2,Q123,3,1.0,0.2,0.33333333333333337,0.2,1,5,1
v2,Q123,4,1.0,0.2,0.33333333333333337,0.2,1,5,1
v2,Q123,5,0.0,0.0,0.0,0.0,1,5,0
v2,Q123,6,0.0,0.0,0.0,0.0,1,5,0
v2,Q123,7,0.0,0.0,0.0,0.0,1,5,0
v2,Q123,8,0.0,0.0,0.0,0.0,1,5,0
v2,Q123,9,0.0,0.0,0.0,0.0,1,5,0
v2,Q123,10,0.0,0.0,0.0,0.0,1,5,0
v2,Q123,11,0.0,0.0,0.0,0.0,1,5,0
v2,Q123,12,1.0,0.2,0.33333333333333337,0.2,1,5,1
v2,Q123,13,0.0,0.0,0.0,0.0,1,5,0
v2,Q123,14,0.0,0.0,0.0,0.0,1,5,0
v2,Q123,15,0.0,0.0,0.0,0.0,1,5,0
v2,Q123,16,0.0,0.0,0.0,0.0,1,5,0
v2,Q123,17,0.0,0.0,0.0,0.0,1,5,0
v2,Q123,18,0.0,0.0,0.0,0.0,1,5,0
v2,Q123,19,1.0,0.2,0.33333333333333337,0.2,1,5,1
v2,Q123,20,0.0,0.0,0.0,0.0,1,5,0
v2,Q123,21,0.0,0.0,0.0,0.0,0,5,0
v2,Q123,22,0.0,0.0,0.0,0.0,1,5,0
v2,Q123,23,0.0,0.0,0.0,0.0,1,5,0
v2,Q123,24,0.0,0.0,0.0,0.0,1,5,0
v2,Q123,25,0.0,0.0,0.0,0.0,1,5,0
v2,Q124,1,0.0,0.0,0.0,0.0,1,1,0
v2,Q124,2,0.0,0.0,0.0,0.0,1,1,0
v2,Q124,3,0.0,0.0,0.0,0.0,1,1,0
v2,Q124,4,0.0,0.0,0.0,0.0,1,1,0
v2,Q124,5,0.0,0.0,0.0,0.0,1,1,0
v2,Q124,6,0.0,0.0,0.0,0.0,1,1,0
v2,Q124,7,0.0,0.0,0.0,0.0,1,1,0
v2,Q124,8,0.0,0.0,0.0,0.0,1,1,0
v2,Q124,9,0.0,0.0,0.0,0.0,1,1,0
v2,Q124,10,0.0,0.0,0.0,0.0,1,1,0
v2,Q124,11,0.0,0.0,0.0,0.0,1,1,0
v2,Q124,12,0.0,0.0,0.0,0.0,1,1,0
v2,Q124,13,0.0,0.0,0.0,0.0,1,1,0
v2,Q124,14,0.0,0.0,0.0,0.0,1,1,0
v2,Q124,15,0.0,0.0,0.0,0.0,1,1,0
v2,Q124,16,0.0,0.0,0.0,0.0,1,1,0
v2,Q124,17,0.0,0.0,0.0,0.0,1,1,0
v2,Q124,18,0.0,0.0,0.0,0.0,1,1,0
v2,Q124,19,0.0,0.0,0.0,0.0,1,1,0
v2,Q124,20,0.0,0.0,0.0,0.0,1,1,0
v2,Q124,21,0.0,0.0,0.0,0.0,1,1,0
v2,Q124,22,0.0,0.0,0.0,0.0,1,1,0
v2,Q124,23,0.0,0.0,0.0,0.0,1,1,0
v2,Q124,24,0.0,0.0,0.0,0.0,1,1,0
v2,Q124,25,0.0,0.0,0.0,0.0,1,1,0
v2,Q125,1,0.0,0.0,0.0,0.0,1,5,0
v2,Q125,2,0.0,0.0,0.0,0.0,1,5,0
v2,Q125,3,1.0,0.2,0.33333333333333337,0.2,1,5,1
v2,Q125,4,1.0,0.2,0.33333333333333337,0.2,1,5,1
v2,Q125,5,1.0,0.2,0.33333333333333337,0.2,1,5,1
v2,Q125,6,1.0,0.2,0.33333333333333337,0.2,1,5,1
v2,Q125,7,0.0,0.0,0.0,0.0,1,5,0
v2,Q125,8,0.0,0.0,0.0,0.0,1,5,0
v2,Q125,9,0.0,0.0,0.0,0.0,1,5,0
v2,Q125,10,0.0,0.0,0.0,0.0,1,5,0
v2,Q125,11,1.0,0.2,0.33333333333333337,0.2,1,5,1
v2,Q125,12,0.0,0.0,0.0,0.0,1,5,0
v2,Q125,13,1.0,0.2,0.33333333333333337,0.2,1,5,1
v2,Q125,14,1.0,0.2,0.33333333333333337,0.2,1,5,1
v2,Q125,15,0.0,0.0,0.0,0.0,1,5,0
v2,Q125,16,0.0,0.0,0.0,0.0,1,5,0
v2,Q125,17,0.0,0.0,0.0,0.0,1,5,0
v2,Q125,18,1.0,0.2,0.33333333333333337,0.2,1,5,1
v2,Q125,19,1.0,0.2,0.33333333333333337,0.2,1,5,1
v2,Q125,20,1.0,0.2,0.33333333333333337,0.2,1,5,1
v2,Q125,21,1.0,0.2,0.33333333333333337,0.2,1,5,1
v2,Q125,22,0.0,0.0,0.0,0.0,1,5,0
v2,Q125,23,1.0,0.2,0.33333333333333337,0.2,1,5,1
v2,Q125,24,0.0,0.0,0.0,0.0,1,5,0
v2,Q125,25,1.0,0.2,0.33333333333333337,0.2,1,5,1
v2,Q126,1,0.0,0.0,0.0,0.0,1,5,0
v2,Q126,2,1.0,0.2,0.33333333333333337,0.2,1,5,1
v2,Q126,3,0.0,0.0,0.0,0.0,1,5,0
v2,Q126,4,0.0,0.0,0.0,0.0,1,5,0
v2,Q126,5,0.0,0.0,0.0,0.0,1,5,0
v2,Q126,6,1.0,0.2,0.33333333333333337,0.2,1,5,1
v2,Q126,7,0.0,0.0,0.0,0.0,1,5,0
v2,Q126,8,1.0,0.2,0.33333333333333337,0.2,1,5,1
v2,Q126,9,1.0,0.2,0.33333333333333337,0.2,1,5,1
v2,Q126,10,0.0,0.0,0.0,0.0,1,5,0
v2,Q126,11,0.0,0.0,0.0,0.0,1,5,0
v2,Q126,12,1.0,0.2,0.33333333333333337,0.2,1,5,1
v2,Q126,13,1.0,0.2,0.33333333333333337,0.2,1,5,1
v2,Q126,14,0.0,0.0,0.0,0.0,1,5,0
v2,Q126,15,0.0,0.0,0.0,0.0,1,5,0
v2,Q126,16,0.0,0.0,0.0,0.0,1,5,0
v2,Q126,17,1.0,0.2,0.33333333333333337,0.2,1,5,1
v2,Q126,18,0.0,0.0,0.0,0.0,1,5,0
v2,Q126,19,1.0,0.2,0.33333333333333337,0.2,1,5,1
v2,Q126,20,0.0,0.0,0.0,0.0,1,5,0
v2,Q126,21,1.0,0.2,0.33333333333333337,0.2,1,5,1
v2,Q126,22,0.0,0.0,0.0,0.0,1,5,0
v2,Q126,23,0.0,0.0,0.0,0.0,1,5,0
v2,Q126,24,0.0,0.0,0.0,0.0,1,5,0
v2,Q126,25,0.0,0.0,0.0,0.0,1,5,0
v2,Q127,1,1.0,0.14285714285714285,0.25,0.14285714285714285,1,7,1
v2,Q127,2,1.0,0.14285714285714285,0.25,0.14285714285714285,1,7,1
v2,Q127,3,0.0,0.0,0.0,0.0,1,7,0
v2,Q127,4,1.0,0.14285714285714285,0.25,0.14285714285714285,1,7,1
v2,Q127,5,1.0,0.14285714285714285,0.25,0.14285714285714285,1,7,1
v2,Q127,6,1.0,0.14285714285714285,0.25,0.14285714285714285,1,7,1
v2,Q127,7,0.0,0.0,0.0,0.0,1,7,0
v2,Q127,8,1.0,0.14285714285714285,0.25,0.14285714285714285,1,7,1
v2,Q127,9,0.0,0.0,0.0,0.0,1,7,0
v2,Q127,10,1.0,0.14285714285714285,0.25,0.14285714285714285,1,7,1
v2,Q127,11,0.0,0.0,0.0,0.0,1,7,0
v2,Q127,12,0.0,0.0,0.0,0.0,1,7,0
v2,Q127,13,0.0,0.0,0.0,0.0,1,7,0
v2,Q127,14,1.0,0.14285714285714285,0.25,0.14285714285714285,1,7,1
v2,Q127,15,0.0,0.0,0.0,0.0,1,7,0
v2,Q127,16,1.0,0.14285714285714285,0.25,0.14285714285714285,1,7,1
v2,Q127,17,1.0,0.14285714285714285,0.25,0.14285714285714285,1,7,1
v2,Q127,18,0.0,0.0,0.0,0.0,1,7,0
v2,Q127,19,1.0,0.14285714285714285,0.25,0.14285714285714285,1,7,1
v2,Q127,20,1.0,0.14285714285714285,0.25,0.14285714285714285,1,7,1
v2,Q127,21,0.0,0.0,0.0,0.0,1,7,0
v2,Q127,22,1.0,0.14285714285714285,0.25,0.14285714285714285,1,7,1
v2,Q127,23,0.0,0.0,0.0,0.0,1,7,0
v2,Q127,24,1.0,0.14285714285714285,0.25,0.14285714285714285,1,7,1
v2,Q127,25,0.0,0.0,0.0,0.0,1,7,0
v2,Q128,1,1.0,0.16666666666666666,0.2857142857142857,0.16666666666666666,1,6,1
v2,Q128,2,0.0,0.0,0.0,0.0,1,6,0
v2,Q128,3,0.0,0.0,0.0,0.0,1,6,0
v2,Q128,4,0.0,0.0,0.0,0.0,1,6,0
v2,Q128,5,1.0,0.16666666666666666,0.2857142857142857,0.16666666666666666,1,6,1
v2,Q128,6,0.0,0.0,0.0,0.0,1,6,0
v2,Q128,7,1.0,0.16666666666666666,0.2857142857142857,0.16666666666666666,1,6,1
v2,Q128,8,0.0,0.0,0.0,0.0,1,6,0
v2,Q128,9,1.0,0.16666666666666666,0.2857142857142857,0.16666666666666666,1,6,1
v2,Q128,10,1.0,0.16666666666666666,0.2857142857142857,0.16666666666666666,1,6,1
v2,Q128,11,0.0,0.0,0.0,0.0,1,6,0
v2,Q128,12,1.0,0.16666666666666666,0.2857142857142857,0.16666666666666666,1,6,1
v2,Q128,13,1.0,0.16666666666666666,0.2857142857142857,0.16666666666666666,1,6,1
v2,Q128,14,1.0,0.16666666666666666,0.2857142857142857,0.16666666666666666,1,6,1
v2,Q128,15,1.0,0.16666666666666666,0.2857142857142857,0.16666666666666666,1,6,1
v2,Q128,16,0.0,0.0,0.0,0.0,1,6,0
v2,Q128,17,1.0,0.16666666666666666,0.2857142857142857,0.16666666666666666,1,6,1
v2,Q128,18,1.0,0.16666666666666666,0.2857142857142857,0.16666666666666666,1,6,1
v2,Q128,19,1.0,0.16666666666666666,0.2857142857142857,0.16666666666666666,1,6,1
v2,Q128,20,1.0,0.16666666666666666,0.2857142857142857,0.16666666666666666,1,6,1
v2,Q128,21,1.0,0.16666666666666666,0.2857142857142857,0.16666666666666666,1,6,1
v2,Q128,22,1.0,0.16666666666666666,0.2857142857142857,0.16666666666666666,1,6,1
v2,Q128,23,1.0,0.16666666666666666,0.2857142857142857,0.16666666666666666,1,6,1
v2,Q128,24,0.0,0.0,0.0,0.0,1,6,0
v2,Q128,25,0.0,0.0,0.0,0.0,1,6,0
v2,Q129,1,0.0,0.0,0.0,0.0,1,8,0
v2,Q129,2,0.0,0.0,0.0,0.0,1,8,0
v2,Q129,3,1.0,0.125,0.2222222222222222,0.125,1,8,1
v2,Q129,4,1.0,0.125,0.2222222222222222,0.125,1,8,1
v2,Q129,5,1.0,0.125,0.2222222222222222,0.125,1,8,1
v2,Q129,6,1.0,0.125,0.2222222222222222,0.125,1,8,1
v2,Q129,7,1.0,0.125,0.2222222222222222,0.125,1,8,1
v2,Q129,8,0.0,0.0,0.0,0.0,1,8,0
v2,Q129,9,0.0,0.0,0.0,0.0,1,8,0
v2,Q129,10,0.0,0.0,0.0,0.0,1,8,0
v2,Q129,11,0.0,0.0,0.0,0.0,1,8,0
v2,Q129,12,0.0,0.0,0.0,0.0,1,8,0
v2,Q129,13,1.0,0.125,0.2222222222222222,0.125,1,8,1
v2,Q129,14,1.0,0.125,0.2222222222222222,0.125,1,8,1
v2,Q129,15,0.0,0.0,0.0,0.0,1,8,0
v2,Q129,16,0.0,0.0,0.0,0.0,1,8,0
v2,Q129,17,0.0,0.0,0.0,0.0,1,8,0
v2,Q129,18,0.0,0.0,0.0,0.0,1,8,0
v2,Q129,19,0.0,0.0,0.0,0.0,1,8,0
v2,Q129,20,0.0,0.0,0.0,0.0,1,8,0
v2,Q129,21,0.0,0.0,0.0,0.0,1,8,0
v2,Q129,22,0.0,0.0,0.0,0.0,1,8,0
v2,Q129,23,0.0,0.0,0.0,0.0,1,8,0
v2,Q129,24,1.0,0.125,0.2222222222222222,0.125,1,8,1
v2,Q129,25,1.0,0.125,0.2222222222222222,0.125,1,8,1
v2,Q13,1,0.0,0.0,0.0,0.0,0,1,0
v2,Q13,2,0.0,0.0,0.0,0.0,0,1,0
v2,Q13,3,0.0,0.0,0.0,0.0,0,1,0
v2,Q13,4,0.0,0.0,0.0,0.0,0,1,0
v2,Q13,5,0.0,0.0,0.0,0.0,0,1,0
v2,Q13,6,0.0,0.0,0.0,0.0,0,1,0
v2,Q13,7,0.0,0.0,0.0,0.0,0,1,0
v2,Q13,8,0.0,0.0,0.0,0.0,0,1,0
v2,Q13,9,0.0,0.0,0.0,0.0,0,1,0
v2,Q13,10,0.0,0.0,0.0,0.0,0,1,0
v2,Q13,11,0.0,0.0,0.0,0.0,0,1,0
v2,Q13,12,0.0,0.0,0.0,0.0,0,1,0
v2,Q13,13,0.0,0.0,0.0,0.0,0,1,0
v2,Q13,14,0.0,0.0,0.0,0.0,1,1,0
v2,Q13,15,0.0,0.0,0.0,0.0,0,1,0
v2,Q13,16,0.0,0.0,0.0,0.0,0,1,0
v2,Q13,17,0.0,0.0,0.0,0.0,0,1,0
v2,Q13,18,0.0,0.0,0.0,0.0,0,1,0
v2,Q13,19,0.0,0.0,0.0,0.0,0,1,0
v2,Q13,20,0.0,0.0,0.0,0.0,0,1,0
v2,Q13,21,0.0,0.0,0.0,0.0,0,1,0
v2,Q13,22,0.0,0.0,0.0,0.0,0,1,0
v2,Q13,23,0.0,0.0,0.0,0.0,1,1,0
v2,Q13,24,0.0,0.0,0.0,0.0,0,1,0
v2,Q13,25,0.0,0.0,0.0,0.0,0,1,0
v2,Q130,1,1.0,0.125,0.2222222222222222,0.125,1,8,1
v2,Q130,2,1.0,0.125,0.2222222222222222,0.125,1,8,1
v2,Q130,3,1.0,0.125,0.2222222222222222,0.125,1,8,1
v2,Q130,4,0.0,0.0,0.0,0.0,1,8,0
v2,Q130,5,1.0,0.125,0.2222222222222222,0.125,1,8,1
v2,Q130,6,1.0,0.125,0.2222222222222222,0.125,1,8,1
v2,Q130,7,0.0,0.0,0.0,0.0,1,8,0
v2,Q130,8,1.0,0.125,0.2222222222222222,0.125,1,8,1
v2,Q130,9,1.0,0.125,0.2222222222222222,0.125,1,8,1
v2,Q130,10,1.0,0.125,0.2222222222222222,0.125,1,8,1
v2,Q130,11,1.0,0.125,0.2222222222222222,0.125,1,8,1
v2,Q130,12,1.0,0.125,0.2222222222222222,0.125,1,8,1
v2,Q130,13,1.0,0.125,0.2222222222222222,0.125,1,8,1
v2,Q130,14,1.0,0.125,0.2222222222222222,0.125,1,8,1
v2,Q130,15,1.0,0.125,0.2222222222222222,0.125,1,8,1
v2,Q130,16,1.0,0.125,0.2222222222222222,0.125,1,8,1
v2,Q130,17,1.0,0.125,0.2222222222222222,0.125,1,8,1
v2,Q130,18,0.0,0.0,0.0,0.0,1,8,0
v2,Q130,19,1.0,0.125,0.2222222222222222,0.125,1,8,1
v2,Q130,20,0.0,0.0,0.0,0.0,1,8,0
v2,Q130,21,1.0,0.125,0.2222222222222222,0.125,1,8,1
v2,Q130,22,1.0,0.125,0.2222222222222222,0.125,1,8,1
v2,Q130,23,1.0,0.125,0.2222222222222222,0.125,1,8,1
v2,Q130,24,1.0,0.125,0.2222222222222222,0.125,1,8,1
v2,Q130,25,0.0,0.0,0.0,0.0,1,8,0
v2,Q131,1,1.0,0.2,0.33333333333333337,0.2,1,5,1
v2,Q131,2,0.0,0.0,0.0,0.0,1,5,0
v2,Q131,3,1.0,0.2,0.33333333333333337,0.2,1,5,1
v2,Q131,4,1.0,0.2,0.33333333333333337,0.2,1,5,1
v2,Q131,5,1.0,0.2,0.33333333333333337,0.2,1,5,1
v2,Q131,6,1.0,0.2,0.33333333333333337,0.2,1,5,1
v2,Q131,7,1.0,0.2,0.33333333333333337,0.2,1,5,1
v2,Q131,8,1.0,0.2,0.33333333333333337,0.2,1,5,1
v2,Q131,9,1.0,0.2,0.33333333333333337,0.2,1,5,1
v2,Q131,10,0.0,0.0,0.0,0.0,1,5,0
v2,Q131,11,1.0,0.2,0.33333333333333337,0.2,1,5,1
v2,Q131,12,0.0,0.0,0.0,0.0,1,5,0
v2,Q131,13,1.0,0.2,0.33333333333333337,0.2,1,5,1
v2,Q131,14,1.0,0.2,0.33333333333333337,0.2,1,5,1
v2,Q131,15,1.0,0.2,0.33333333333333337,0.2,1,5,1
v2,Q131,16,0.0,0.0,0.0,0.0,1,5,0
v2,Q131,17,0.0,0.0,0.0,0.0,1,5,0
v2,Q131,18,1.0,0.2,0.33333333333333337,0.2,1,5,1
v2,Q131,19,1.0,0.2,0.33333333333333337,0.2,1,5,1
v2,Q131,20,1.0,0.2,0.33333333333333337,0.2,1,5,1
v2,Q131,21,0.0,0.0,0.0,0.0,1,5,0
v2,Q131,22,1.0,0.2,0.33333333333333337,0.2,1,5,1
v2,Q131,23,1.0,0.2,0.33333333333333337,0.2,1,5,1
v2,Q131,24,0.0,0.0,0.0,0.0,1,5,0
v2,Q131,25,1.0,0.2,0.33333333333333337,0.2,1,5,1
v2,Q132,1,1.0,0.14285714285714285,0.25,0.14285714285714285,1,7,1
v2,Q132,2,1.0,0.14285714285714285,0.25,0.14285714285714285,1,7,1
v2,Q132,3,1.0,0.14285714285714285,0.25,0.14285714285714285,1,7,1
v2,Q132,4,0.0,0.0,0.0,0.0,1,7,0
v2,Q132,5,0.0,0.0,0.0,0.0,1,7,0
v2,Q132,6,0.0,0.0,0.0,0.0,1,7,0
v2,Q132,7,1.0,0.14285714285714285,0.25,0.14285714285714285,1,7,1
v2,Q132,8,1.0,0.14285714285714285,0.25,0.14285714285714285,1,7,1
v2,Q132,9,0.0,0.0,0.0,0.0,1,7,0
v2,Q132,10,0.0,0.0,0.0,0.0,1,7,0
v2,Q132,11,1.0,0.14285714285714285,0.25,0.14285714285714285,1,7,1
v2,Q132,12,0.0,0.0,0.0,0.0,1,7,0
v2,Q132,13,1.0,0.14285714285714285,0.25,0.14285714285714285,1,7,1
v2,Q132,14,1.0,0.14285714285714285,0.25,0.14285714285714285,1,7,1
v2,Q132,15,0.0,0.0,0.0,0.0,1,7,0
v2,Q132,16,1.0,0.14285714285714285,0.25,0.14285714285714285,1,7,1
v2,Q132,17,0.0,0.0,0.0,0.0,1,7,0
v2,Q132,18,1.0,0.14285714285714285,0.25,0.14285714285714285,1,7,1
v2,Q132,19,0.0,0.0,0.0,0.0,1,7,0
v2,Q132,20,0.0,0.0,0.0,0.0,1,7,0
v2,Q132,21,0.0,0.0,0.0,0.0,1,7,0
v2,Q132,22,0.0,0.0,0.0,0.0,1,7,0
v2,Q132,23,0.0,0.0,0.0,0.0,1,7,0
v2,Q132,24,0.0,0.0,0.0,0.0,1,7,0
v2,Q132,25,1.0,0.14285714285714285,0.25,0.14285714285714285,1,7,1
v2,Q133,1,0.0,0.0,0.0,0.0,0,5,0
v2,Q133,2,0.0,0.0,0.0,0.0,0,5,0
v2,Q133,3,0.0,0.0,0.0,0.0,0,5,0
v2,Q133,4,0.0,0.0,0.0,0.0,0,5,0
v2,Q133,5,0.0,0.0,0.0,0.0,1,5,0
v2,Q133,6,0.0,0.0,0.0,0.0,0,5,0
v2,Q133,7,0.0,0.0,0.0,0.0,0,5,0
v2,Q133,8,0.0,0.0,0.0,0.0,1,5,0
v2,Q133,9,0.0,0.0,0.0,0.0,1,5,0
v2,Q133,10,0.0,0.0,0.0,0.0,0,5,0
v2,Q133,11,1.0,0.2,0.33333333333333337,0.2,1,5,1
v2,Q133,12,0.0,0.0,0.0,0.0,0,5,0
v2,Q133,13,0.0,0.0,0.0,0.0,0,5,0
v2,Q133,14,0.0,0.0,0.0,0.0,0,5,0
v2,Q133,15,0.0,0.0,0.0,0.0,0,5,0
v2,Q133,16,0.0,0.0,0.0,0.0,1,5,0
v2,Q133,17,0.0,0.0,0.0,0.0,0,5,0
v2,Q133,18,0.0,0.0,0.0,0.0,0,5,0
v2,Q133,19,0.0,0.0,0.0,0.0,1,5,0
v2,Q133,20,0.0,0.0,0.0,0.0,0,5,0
v2,Q133,21,0.0,0.0,0.0,0.0,0,5,0
v2,Q133,22,0.0,0.0,0.0,0.0,0,5,0
v2,Q133,23,1.0,0.2,0.33333333333333337,0.2,1,5,1
v2,Q133,24,0.0,0.0,0.0,0.0,1,5,0
v2,Q133,25,0.0,0.0,0.0,0.0,0,5,0
v2,Q134,1,0.0,0.0,0.0,0.0,1,7,0
v2,Q134,2,0.0,0.0,0.0,0.0,1,7,0
v2,Q134,3,0.0,0.0,0.0,0.0,1,7,0
v2,Q134,4,1.0,0.14285714285714285,0.25,0.14285714285714285,1,7,1
v2,Q134,5,0.0,0.0,0.0,0.0,1,7,0
v2,Q134,6,0.0,0.0,0.0,0.0,1,7,0
v2,Q134,7,0.0,0.0,0.0,0.0,1,7,0
v2,Q134,8,0.0,0.0,0.0,0.0,1,7,0
v2,Q134,9,1.0,0.14285714285714285,0.25,0.14285714285714285,1,7,1
v2,Q134,10,0.0,0.0,0.0,0.0,1,7,0
v2,Q134,11,0.0,0.0,0.0,0.0,1,7,0
v2,Q134,12,0.0,0.0,0.0,0.0,1,7,0
v2,Q134,13,1.0,0.14285714285714285,0.25,0.14285714285714285,1,7,1
v2,Q134,14,1.0,0.14285714285714285,0.25,0.14285714285714285,1,7,1
v2,Q134,15,0.0,0.0,0.0,0.0,1,7,0
v2,Q134,16,0.0,0.0,0.0,0.0,1,7,0
v2,Q134,17,1.0,0.14285714285714285,0.25,0.14285714285714285,1,7,1
v2,Q134,18,1.0,0.14285714285714285,0.25,0.14285714285714285,1,7,1
v2,Q134,19,1.0,0.14285714285714285,0.25,0.14285714285714285,1,7,1
v2,Q134,20,0.0,0.0,0.0,0.0,1,7,0
v2,Q134,21,0.0,0.0,0.0,0.0,1,7,0
v2,Q134,22,0.0,0.0,0.0,0.0,1,7,0
v2,Q134,23,0.0,0.0,0.0,0.0,1,7,0
v2,Q134,24,0.0,0.0,0.0,0.0,1,7,0
v2,Q134,25,1.0,0.14285714285714285,0.25,0.14285714285714285,1,7,1
v2,Q135,1,1.0,0.1111111111111111,0.19999999999999998,0.1111111111111111,1,9,1
v2,Q135,2,1.0,0.1111111111111111,0.19999999999999998,0.1111111111111111,1,9,1
v2,Q135,3,0.0,0.0,0.0,0.0,0,9,0
v2,Q135,4,1.0,0.1111111111111111,0.19999999999999998,0.1111111111111111,1,9,1
v2,Q135,5,0.0,0.0,0.0,0.0,0,9,0
v2,Q135,6,1.0,0.1111111111111111,0.19999999999999998,0.1111111111111111,1,9,1
v2,Q135,7,0.0,0.0,0.0,0.0,0,9,0
v2,Q135,8,1.0,0.1111111111111111,0.19999999999999998,0.1111111111111111,1,9,1
v2,Q135,9,0.0,0.0,0.0,0.0,0,9,0
v2,Q135,10,0.0,0.0,0.0,0.0,0,9,0
v2,Q135,11,0.0,0.0,0.0,0.0,0,9,0
v2,Q135,12,0.0,0.0,0.0,0.0,0,9,0
v2,Q135,13,0.0,0.0,0.0,0.0,0,9,0
v2,Q135,14,0.0,0.0,0.0,0.0,0,9,0
v2,Q135,15,0.0,0.0,0.0,0.0,1,9,0
v2,Q135,16,1.0,0.1111111111111111,0.19999999999999998,0.1111111111111111,1,9,1
v2,Q135,17,1.0,0.1111111111111111,0.19999999999999998,0.1111111111111111,1,9,1
v2,Q135,18,1.0,0.1111111111111111,0.19999999999999998,0.1111111111111111,1,9,1
v2,Q135,19,1.0,0.1111111111111111,0.19999999999999998,0.1111111111111111,1,9,1
v2,Q135,20,1.0,0.1111111111111111,0.19999999999999998,0.1111111111111111,1,9,1
v2,Q135,21,0.0,0.0,0.0,0.0,0,9,0
v2,Q135,22,0.0,0.0,0.0,0.0,1,9,0
v2,Q135,23,0.0,0.0,0.0,0.0,0,9,0
v2,Q135,24,0.0,0.0,0.0,0.0,0,9,0
v2,Q135,25,0.0,0.0,0.0,0.0,0,9,0
v2,Q136,1,0.0,0.0,0.0,0.0,1,2,0
v2,Q136,2,0.0,0.0,0.0,0.0,1,2,0
v2,Q136,3,0.0,0.0,0.0,0.0,1,2,0
v2,Q136,4,1.0,0.5,0.6666666666666666,0.5,1,2,1
v2,Q136,5,0.0,0.0,0.0,0.0,1,2,0
v2,Q136,6,0.0,0.0,0.0,0.0,1,2,0
v2,Q136,7,0.0,0.0,0.0,0.0,1,2,0
v2,Q136,8,1.0,0.5,0.6666666666666666,0.5,1,2,1
v2,Q136,9,1.0,0.5,0.6666666666666666,0.5,1,2,1
v2,Q136,10,0.0,0.0,0.0,0.0,1,2,0
v2,Q136,11,0.0,0.0,0.0,0.0,1,2,0
v2,Q136,12,0.0,0.0,0.0,0.0,1,2,0
v2,Q136,13,0.0,0.0,0.0,0.0,1,2,0
v2,Q136,14,0.0,0.0,0.0,0.0,1,2,0
v2,Q136,15,1.0,0.5,0.6666666666666666,0.5,1,2,1
v2,Q136,16,0.0,0.0,0.0,0.0,1,2,0
v2,Q136,17,0.0,0.0,0.0,0.0,1,2,0
v2,Q136,18,0.0,0.0,0.0,0.0,1,2,0
v2,Q136,19,0.0,0.0,0.0,0.0,1,2,0
v2,Q136,20,1.0,0.5,0.6666666666666666,0.5,1,2,1
v2,Q136,21,0.0,0.0,0.0,0.0,1,2,0
v2,Q136,22,0.0,0.0,0.0,0.0,1,2,0
v2,Q136,23,0.0,0.0,0.0,0.0,1,2,0
v2,Q136,24,0.0,0.0,0.0,0.0,1,2,0
v2,Q136,25,0.0,0.0,0.0,0.0,1,2,0
v2,Q137,1,0.0,0.0,0.0,0.0,1,5,0
v2,Q137,2,0.0,0.0,0.0,0.0,1,5,0
v2,Q137,3,0.0,0.0,0.0,0.0,1,5,0
v2,Q137,4,0.0,0.0,0.0,0.0,1,5,0
v2,Q137,5,0.0,0.0,0.0,0.0,1,5,0
v2,Q137,6,0.0,0.0,0.0,0.0,1,5,0
v2,Q137,7,0.0,0.0,0.0,0.0,1,5,0
v2,Q137,8,0.0,0.0,0.0,0.0,1,5,0
v2,Q137,9,0.0,0.0,0.0,0.0,1,5,0
v2,Q137,10,0.0,0.0,0.0,0.0,1,5,0
v2,Q137,11,0.0,0.0,0.0,0.0,1,5,0
v2,Q137,12,0.0,0.0,0.0,0.0,1,5,0
v2,Q137,13,0.0,0.0,0.0,0.0,1,5,0
v2,Q137,14,0.0,0.0,0.0,0.0,1,5,0
v2,Q137,15,0.0,0.0,0.0,0.0,1,5,0
v2,Q137,16,0.0,0.0,0.0,0.0,1,5,0
v2,Q137,17,0.0,0.0,0.0,0.0,1,5,0
v2,Q137,18,0.0,0.0,0.0,0.0,1,5,0
v2,Q137,19,0.0,0.0,0.0,0.0,1,5,0
v2,Q137,20,0.0,0.0,0.0,0.0,1,5,0
v2,Q137,21,0.0,0.0,0.0,0.0,1,5,0
v2,Q137,22,0.0,0.0,0.0,0.0,1,5,0
v2,Q137,23,0.0,0.0,0.0,0.0,1,5,0
v2,Q137,24,0.0,0.0,0.0,0.0,1,5,0
v2,Q137,25,0.0,0.0,0.0,0.0,1,5,0
v2,Q138,1,0.0,0.0,0.0,0.0,1,2,0
v2,Q138,2,0.0,0.0,0.0,0.0,1,2,0
v2,Q138,3,0.0,0.0,0.0,0.0,1,2,0
v2,Q138,4,0.0,0.0,0.0,0.0,1,2,0
v2,Q138,5,0.0,0.0,0.0,0.0,1,2,0
v2,Q138,6,0.0,0.0,0.0,0.0,1,2,0
v2,Q138,7,0.0,0.0,0.0,0.0,1,2,0
v2,Q138,8,0.0,0.0,0.0,0.0,1,2,0
v2,Q138,9,0.0,0.0,0.0,0.0,1,2,0
v2,Q138,10,0.0,0.0,0.0,0.0,1,2,0
v2,Q138,11,0.0,0.0,0.0,0.0,1,2,0
v2,Q138,12,0.0,0.0,0.0,0.0,1,2,0
v2,Q138,13,0.0,0.0,0.0,0.0,1,2,0
v2,Q138,14,0.0,0.0,0.0,0.0,1,2,0
v2,Q138,15,0.0,0.0,0.0,0.0,1,2,0
v2,Q138,16,0.0,0.0,0.0,0.0,1,2,0
v2,Q138,17,0.0,0.0,0.0,0.0,1,2,0
v2,Q138,18,0.0,0.0,0.0,0.0,1,2,0
v2,Q138,19,0.0,0.0,0.0,0.0,1,2,0
v2,Q138,20,0.0,0.0,0.0,0.0,1,2,0
v2,Q138,21,0.0,0.0,0.0,0.0,1,2,0
v2,Q138,22,0.0,0.0,0.0,0.0,1,2,0
v2,Q138,23,0.0,0.0,0.0,0.0,1,2,0
v2,Q138,24,0.0,0.0,0.0,0.0,1,2,0
v2,Q138,25,0.0,0.0,0.0,0.0,1,2,0
v2,Q139,1,0.0,0.0,0.0,0.0,1,3,0
v2,Q139,2,0.0,0.0,0.0,0.0,1,3,0
v2,Q139,3,0.0,0.0,0.0,0.0,1,3,0
v2,Q139,4,0.0,0.0,0.0,0.0,1,3,0
v2,Q139,5,0.0,0.0,0.0,0.0,1,3,0
v2,Q139,6,0.0,0.0,0.0,0.0,1,3,0
v2,Q139,7,0.0,0.0,0.0,0.0,1,3,0
v2,Q139,8,0.0,0.0,0.0,0.0,1,3,0
v2,Q139,9,0.0,0.0,0.0,0.0,1,3,0
v2,Q139,10,0.0,0.0,0.0,0.0,1,3,0
v2,Q139,11,0.0,0.0,0.0,0.0,1,3,0
v2,Q139,12,0.0,0.0,0.0,0.0,1,3,0
v2,Q139,13,0.0,0.0,0.0,0.0,1,3,0
v2,Q139,14,0.0,0.0,0.0,0.0,1,3,0
v2,Q139,15,0.0,0.0,0.0,0.0,1,3,0
v2,Q139,16,0.0,0.0,0.0,0.0,1,3,0
v2,Q139,17,0.0,0.0,0.0,0.0,1,3,0
v2,Q139,18,0.0,0.0,0.0,0.0,1,3,0
v2,Q139,19,0.0,0.0,0.0,0.0,1,3,0
v2,Q139,20,0.0,0.0,0.0,0.0,1,3,0
v2,Q139,21,0.0,0.0,0.0,0.0,1,3,0
v2,Q139,22,0.0,0.0,0.0,0.0,1,3,0
v2,Q139,23,0.0,0.0,0.0,0.0,1,3,0
v2,Q139,24,0.0,0.0,0.0,0.0,1,3,0
v2,Q139,25,0.0,0.0,0.0,0.0,1,3,0
v2,Q14,1,0.0,0.0,0.0,0.0,0,6,0
v2,Q14,2,0.0,0.0,0.0,0.0,0,6,0
v2,Q14,3,0.0,0.0,0.0,0.0,0,6,0
v2,Q14,4,0.0,0.0,0.0,0.0,0,6,0
v2,Q14,5,0.0,0.0,0.0,0.0,0,6,0
v2,Q14,6,0.0,0.0,0.0,0.0,0,6,0
v2,Q14,7,0.0,0.0,0.0,0.0,0,6,0
v2,Q14,8,0.0,0.0,0.0,0.0,0,6,0
v2,Q14,9,0.0,0.0,0.0,0.0,0,6,0
v2,Q14,10,0.0,0.0,0.0,0.0,0,6,0
v2,Q14,11,0.0,0.0,0.0,0.0,0,6,0
v2,Q14,12,0.0,0.0,0.0,0.0,0,6,0
v2,Q14,13,0.0,0.0,0.0,0.0,0,6,0
v2,Q14,14,0.0,0.0,0.0,0.0,0,6,0
v2,Q14,15,0.0,0.0,0.0,0.0,0,6,0
v2,Q14,16,0.0,0.0,0.0,0.0,0,6,0
v2,Q14,17,0.0,0.0,0.0,0.0,0,6,0
v2,Q14,18,0.0,0.0,0.0,0.0,0,6,0
v2,Q14,19,0.0,0.0,0.0,0.0,0,6,0
v2,Q14,20,0.0,0.0,0.0,0.0,0,6,0
v2,Q14,21,0.0,0.0,0.0,0.0,0,6,0
v2,Q14,22,0.0,0.0,0.0,0.0,0,6,0
v2,Q14,23,0.0,0.0,0.0,0.0,0,6,0
v2,Q14,24,0.0,0.0,0.0,0.0,0,6,0
v2,Q14,25,0.0,0.0,0.0,0.0,0,6,0
v2,Q140,1,0.0,0.0,0.0,0.0,1,2,0
v2,Q140,2,0.0,0.0,0.0,0.0,1,2,0
v2,Q140,3,0.0,0.0,0.0,0.0,1,2,0
v2,Q140,4,0.0,0.0,0.0,0.0,1,2,0
v2,Q140,5,0.0,0.0,0.0,0.0,1,2,0
v2,Q140,6,0.0,0.0,0.0,0.0,1,2,0
v2,Q140,7,0.0,0.0,0.0,0.0,1,2,0
v2,Q140,8,0.0,0.0,0.0,0.0,1,2,0
v2,Q140,9,0.0,0.0,0.0,0.0,1,2,0
v2,Q140,10,0.0,0.0,0.0,0.0,1,2,0
v2,Q140,11,0.0,0.0,0.0,0.0,1,2,0
v2,Q140,12,0.0,0.0,0.0,0.0,1,2,0
v2,Q140,13,0.0,0.0,0.0,0.0,1,2,0
v2,Q140,14,0.0,0.0,0.0,0.0,1,2,0
v2,Q140,15,0.0,0.0,0.0,0.0,1,2,0
v2,Q140,16,0.0,0.0,0.0,0.0,1,2,0
v2,Q140,17,0.0,0.0,0.0,0.0,1,2,0
v2,Q140,18,0.0,0.0,0.0,0.0,1,2,0
v2,Q140,19,0.0,0.0,0.0,0.0,1,2,0
v2,Q140,20,0.0,0.0,0.0,0.0,1,2,0
v2,Q140,21,0.0,0.0,0.0,0.0,1,2,0
v2,Q140,22,0.0,0.0,0.0,0.0,1,2,0
v2,Q140,23,0.0,0.0,0.0,0.0,1,2,0
v2,Q140,24,0.0,0.0,0.0,0.0,1,2,0
v2,Q140,25,0.0,0.0,0.0,0.0,1,2,0
v2,Q141,1,0.0,0.0,0.0,0.0,1,4,0
v2,Q141,2,0.0,0.0,0.0,0.0,1,4,0
v2,Q141,3,0.0,0.0,0.0,0.0,1,4,0
v2,Q141,4,0.0,0.0,0.0,0.0,1,4,0
v2,Q141,5,0.0,0.0,0.0,0.0,1,4,0
v2,Q141,6,0.0,0.0,0.0,0.0,1,4,0
v2,Q141,7,0.0,0.0,0.0,0.0,1,4,0
v2,Q141,8,0.0,0.0,0.0,0.0,1,4,0
v2,Q141,9,0.0,0.0,0.0,0.0,1,4,0
v2,Q141,10,0.0,0.0,0.0,0.0,1,4,0
v2,Q141,11,0.0,0.0,0.0,0.0,1,4,0
v2,Q141,12,0.0,0.0,0.0,0.0,1,4,0
v2,Q141,13,0.0,0.0,0.0,0.0,1,4,0
v2,Q141,14,0.0,0.0,0.0,0.0,1,4,0
v2,Q141,15,0.0,0.0,0.0,0.0,1,4,0
v2,Q141,16,0.0,0.0,0.0,0.0,1,4,0
v2,Q141,17,0.0,0.0,0.0,0.0,1,4,0
v2,Q141,18,0.0,0.0,0.0,0.0,1,4,0
v2,Q141,19,0.0,0.0,0.0,0.0,1,4,0
v2,Q141,20,0.0,0.0,0.0,0.0,1,4,0
v2,Q141,21,0.0,0.0,0.0,0.0,1,4,0
v2,Q141,22,0.0,0.0,0.0,0.0,1,4,0
v2,Q141,23,0.0,0.0,0.0,0.0,1,4,0
v2,Q141,24,0.0,0.0,0.0,0.0,1,4,0
v2,Q141,25,0.0,0.0,0.0,0.0,1,4,0
v2,Q142,1,0.0,0.0,0.0,0.0,1,2,0
v2,Q142,2,0.0,0.0,0.0,0.0,1,2,0
v2,Q142,3,0.0,0.0,0.0,0.0,1,2,0
v2,Q142,4,0.0,0.0,0.0,0.0,1,2,0
v2,Q142,5,0.0,0.0,0.0,0.0,1,2,0
v2,Q142,6,0.0,0.0,0.0,0.0,1,2,0
v2,Q142,7,0.0,0.0,0.0,0.0,1,2,0
v2,Q142,8,0.0,0.0,0.0,0.0,1,2,0
v2,Q142,9,0.0,0.0,0.0,0.0,1,2,0
v2,Q142,10,0.0,0.0,0.0,0.0,1,2,0
v2,Q142,11,0.0,0.0,0.0,0.0,1,2,0
v2,Q142,12,0.0,0.0,0.0,0.0,1,2,0
v2,Q142,13,0.0,0.0,0.0,0.0,1,2,0
v2,Q142,14,0.0,0.0,0.0,0.0,1,2,0
v2,Q142,15,0.0,0.0,0.0,0.0,0,2,0
v2,Q142,16,0.0,0.0,0.0,0.0,1,2,0
v2,Q142,17,0.0,0.0,0.0,0.0,0,2,0
v2,Q142,18,0.0,0.0,0.0,0.0,1,2,0
v2,Q142,19,0.0,0.0,0.0,0.0,1,2,0
v2,Q142,20,0.0,0.0,0.0,0.0,1,2,0
v2,Q142,21,0.0,0.0,0.0,0.0,1,2,0
v2,Q142,22,0.0,0.0,0.0,0.0,1,2,0
v2,Q142,23,0.0,0.0,0.0,0.0,0,2,0
v2,Q142,24,0.0,0.0,0.0,0.0,1,2,0
v2,Q142,25,0.0,0.0,0.0,0.0,1,2,0
v2,Q143,1,0.0,0.0,0.0,0.0,1,1,0
v2,Q143,2,0.0,0.0,0.0,0.0,1,1,0
v2,Q143,3,0.0,0.0,0.0,0.0,1,1,0
v2,Q143,4,0.0,0.0,0.0,0.0,1,1,0
v2,Q143,5,0.0,0.0,0.0,0.0,1,1,0
v2,Q143,6,0.0,0.0,0.0,0.0,1,1,0
v2,Q143,7,0.0,0.0,0.0,0.0,1,1,0
v2,Q143,8,0.0,0.0,0.0,0.0,1,1,0
v2,Q143,9,0.0,0.0,0.0,0.0,1,1,0
v2,Q143,10,0.0,0.0,0.0,0.0,1,1,0
v2,Q143,11,0.0,0.0,0.0,0.0,1,1,0
v2,Q143,12,0.0,0.0,0.0,0.0,1,1,0
v2,Q143,13,0.0,0.0,0.0,0.0,1,1,0
v2,Q143,14,0.0,0.0,0.0,0.0,1,1,0
v2,Q143,15,0.0,0.0,0.0,0.0,1,1,0
v2,Q143,16,0.0,0.0,0.0,0.0,1,1,0
v2,Q143,17,0.0,0.0,0.0,0.0,1,1,0
v2,Q143,18,0.0,0.0,0.0,0.0,1,1,0
v2,Q143,19,0.0,0.0,0.0,0.0,1,1,0
v2,Q143,20,0.0,0.0,0.0,0.0,1,1,0
v2,Q143,21,0.0,0.0,0.0,0.0,1,1,0
v2,Q143,22,0.0,0.0,0.0,0.0,1,1,0
v2,Q143,23,0.0,0.0,0.0,0.0,1,1,0
v2,Q143,24,0.0,0.0,0.0,0.0,1,1,0
v2,Q143,25,0.0,0.0,0.0,0.0,1,1,0
v2,Q144,1,0.0,0.0,0.0,0.0,1,2,0
v2,Q144,2,0.0,0.0,0.0,0.0,1,2,0
v2,Q144,3,0.0,0.0,0.0,0.0,1,2,0
v2,Q144,4,0.0,0.0,0.0,0.0,1,2,0
v2,Q144,5,0.0,0.0,0.0,0.0,1,2,0
v2,Q144,6,0.0,0.0,0.0,0.0,1,2,0
v2,Q144,7,0.0,0.0,0.0,0.0,1,2,0
v2,Q144,8,0.0,0.0,0.0,0.0,1,2,0
v2,Q144,9,0.0,0.0,0.0,0.0,1,2,0
v2,Q144,10,0.0,0.0,0.0,0.0,1,2,0
v2,Q144,11,0.0,0.0,0.0,0.0,1,2,0
v2,Q144,12,0.0,0.0,0.0,0.0,1,2,0
v2,Q144,13,0.0,0.0,0.0,0.0,1,2,0
v2,Q144,14,0.0,0.0,0.0,0.0,1,2,0
v2,Q144,15,0.0,0.0,0.0,0.0,1,2,0
v2,Q144,16,0.0,0.0,0.0,0.0,1,2,0
v2,Q144,17,0.0,0.0,0.0,0.0,1,2,0
v2,Q144,18,0.0,0.0,0.0,0.0,1,2,0
v2,Q144,19,0.0,0.0,0.0,0.0,1,2,0
v2,Q144,20,0.0,0.0,0.0,0.0,1,2,0
v2,Q144,21,0.0,0.0,0.0,0.0,1,2,0
v2,Q144,22,0.0,0.0,0.0,0.0,1,2,0
v2,Q144,23,0.0,0.0,0.0,0.0,1,2,0
v2,Q144,24,0.0,0.0,0.0,0.0,1,2,0
v2,Q144,25,0.0,0.0,0.0,0.0,1,2,0
v2,Q145,1,0.0,0.0,0.0,0.0,1,5,0
v2,Q145,2,0.0,0.0,0.0,0.0,1,5,0
v2,Q145,3,0.0,0.0,0.0,0.0,1,5,0
v2,Q145,4,0.0,0.0,0.0,0.0,1,5,0
v2,Q145,5,0.0,0.0,0.0,0.0,1,5,0
v2,Q145,6,0.0,0.0,0.0,0.0,1,5,0
v2,Q145,7,0.0,0.0,0.0,0.0,1,5,0
v2,Q145,8,0.0,0.0,0.0,0.0,1,5,0
v2,Q145,9,0.0,0.0,0.0,0.0,1,5,0
v2,Q145,10,0.0,0.0,0.0,0.0,1,5,0
v2,Q145,11,0.0,0.0,0.0,0.0,1,5,0
v2,Q145,12,0.0,0.0,0.0,0.0,1,5,0
v2,Q145,13,0.0,0.0,0.0,0.0,1,5,0
v2,Q145,14,0.0,0.0,0.0,0.0,1,5,0
v2,Q145,15,0.0,0.0,0.0,0.0,1,5,0
v2,Q145,16,0.0,0.0,0.0,0.0,1,5,0
v2,Q145,17,0.0,0.0,0.0,0.0,1,5,0
v2,Q145,18,0.0,0.0,0.0,0.0,1,5,0
v2,Q145,19,0.0,0.0,0.0,0.0,1,5,0
v2,Q145,20,0.0,0.0,0.0,0.0,1,5,0
v2,Q145,21,0.0,0.0,0.0,0.0,1,5,0
v2,Q145,22,0.0,0.0,0.0,0.0,1,5,0
v2,Q145,23,0.0,0.0,0.0,0.0,1,5,0
v2,Q145,24,0.0,0.0,0.0,0.0,1,5,0
v2,Q145,25,0.0,0.0,0.0,0.0,1,5,0
v2,Q146,1,0.0,0.0,0.0,0.0,1,2,0
v2,Q146,2,0.0,0.0,0.0,0.0,1,2,0
v2,Q146,3,0.0,0.0,0.0,0.0,1,2,0
v2,Q146,4,0.0,0.0,0.0,0.0,1,2,0
v2,Q146,5,0.0,0.0,0.0,0.0,1,2,0
v2,Q146,6,0.0,0.0,0.0,0.0,1,2,0
v2,Q146,7,0.0,0.0,0.0,0.0,1,2,0
v2,Q146,8,0.0,0.0,0.0,0.0,1,2,0
v2,Q146,9,0.0,0.0,0.0,0.0,1,2,0
v2,Q146,10,0.0,0.0,0.0,0.0,1,2,0
v2,Q146,11,0.0,0.0,0.0,0.0,1,2,0
v2,Q146,12,0.0,0.0,0.0,0.0,1,2,0
v2,Q146,13,0.0,0.0,0.0,0.0,1,2,0
v2,Q146,14,0.0,0.0,0.0,0.0,1,2,0
v2,Q146,15,0.0,0.0,0.0,0.0,1,2,0
v2,Q146,16,0.0,0.0,0.0,0.0,1,2,0
v2,Q146,17,0.0,0.0,0.0,0.0,1,2,0
v2,Q146,18,0.0,0.0,0.0,0.0,1,2,0
v2,Q146,19,0.0,0.0,0.0,0.0,1,2,0
v2,Q146,20,0.0,0.0,0.0,0.0,1,2,0
v2,Q146,21,0.0,0.0,0.0,0.0,1,2,0
v2,Q146,22,0.0,0.0,0.0,0.0,1,2,0
v2,Q146,23,0.0,0.0,0.0,0.0,1,2,0
v2,Q146,24,0.0,0.0,0.0,0.0,1,2,0
v2,Q146,25,0.0,0.0,0.0,0.0,1,2,0
v2,Q147,1,0.0,0.0,0.0,0.0,1,6,0
v2,Q147,2,0.0,0.0,0.0,0.0,1,6,0
v2,Q147,3,0.0,0.0,0.0,0.0,0,6,0
v2,Q147,4,0.0,0.0,0.0,0.0,1,6,0
v2,Q147,5,0.0,0.0,0.0,0.0,0,6,0
v2,Q147,6,0.0,0.0,0.0,0.0,1,6,0
v2,Q147,7,0.0,0.0,0.0,0.0,0,6,0
v2,Q147,8,0.0,0.0,0.0,0.0,0,6,0
v2,Q147,9,0.0,0.0,0.0,0.0,1,6,0
v2,Q147,10,0.0,0.0,0.0,0.0,1,6,0
v2,Q147,11,0.0,0.0,0.0,0.0,1,6,0
v2,Q147,12,0.0,0.0,0.0,0.0,0,6,0
v2,Q147,13,0.0,0.0,0.0,0.0,1,6,0
v2,Q147,14,0.0,0.0,0.0,0.0,0,6,0
v2,Q147,15,0.0,0.0,0.0,0.0,1,6,0
v2,Q147,16,0.0,0.0,0.0,0.0,1,6,0
v2,Q147,17,0.0,0.0,0.0,0.0,1,6,0
v2,Q147,18,0.0,0.0,0.0,0.0,1,6,0
v2,Q147,19,0.0,0.0,0.0,0.0,1,6,0
v2,Q147,20,0.0,0.0,0.0,0.0,0,6,0
v2,Q147,21,0.0,0.0,0.0,0.0,1,6,0
v2,Q147,22,0.0,0.0,0.0,0.0,1,6,0
v2,Q147,23,0.0,0.0,0.0,0.0,0,6,0
v2,Q147,24,0.0,0.0,0.0,0.0,1,6,0
v2,Q147,25,0.0,0.0,0.0,0.0,1,6,0
v2,Q148,1,0.0,0.0,0.0,0.0,1,7,0
v2,Q148,2,0.0,0.0,0.0,0.0,1,7,0
v2,Q148,3,0.0,0.0,0.0,0.0,1,7,0
v2,Q148,4,0.0,0.0,0.0,0.0,1,7,0
v2,Q148,5,0.0,0.0,0.0,0.0,1,7,0
v2,Q148,6,0.0,0.0,0.0,0.0,1,7,0
v2,Q148,7,0.0,0.0,0.0,0.0,1,7,0
v2,Q148,8,0.0,0.0,0.0,0.0,1,7,0
v2,Q148,9,0.0,0.0,0.0,0.0,1,7,0
v2,Q148,10,0.0,0.0,0.0,0.0,1,7,0
v2,Q148,11,0.0,0.0,0.0,0.0,1,7,0
v2,Q148,12,0.0,0.0,0.0,0.0,1,7,0
v2,Q148,13,0.0,0.0,0.0,0.0,1,7,0
v2,Q148,14,0.0,0.0,0.0,0.0,1,7,0
v2,Q148,15,0.0,0.0,0.0,0.0,1,7,0
v2,Q148,16,0.0,0.0,0.0,0.0,1,7,0
v2,Q148,17,0.0,0.0,0.0,0.0,0,7,0
v2,Q148,18,0.0,0.0,0.0,0.0,1,7,0
v2,Q148,19,0.0,0.0,0.0,0.0,1,7,0
v2,Q148,20,0.0,0.0,0.0,0.0,1,7,0
v2,Q148,21,0.0,0.0,0.0,0.0,1,7,0
v2,Q148,22,0.0,0.0,0.0,0.0,1,7,0
v2,Q148,23,0.0,0.0,0.0,0.0,1,7,0
v2,Q148,24,0.0,0.0,0.0,0.0,1,7,0
v2,Q148,25,0.0,0.0,0.0,0.0,1,7,0
v2,Q149,1,0.0,0.0,0.0,0.0,0,2,0
v2,Q149,2,0.0,0.0,0.0,0.0,0,2,0
v2,Q149,3,0.0,0.0,0.0,0.0,0,2,0
v2,Q149,4,0.0,0.0,0.0,0.0,0,2,0
v2,Q149,5,0.0,0.0,0.0,0.0,0,2,0
v2,Q149,6,0.0,0.0,0.0,0.0,0,2,0
v2,Q149,7,0.0,0.0,0.0,0.0,0,2,0
v2,Q149,8,0.0,0.0,0.0,0.0,1,2,0
v2,Q149,9,0.0,0.0,0.0,0.0,0,2,0
v2,Q149,10,0.0,0.0,0.0,0.0,0,2,0
v2,Q149,11,0.0,0.0,0.0,0.0,1,2,0
v2,Q149,12,0.0,0.0,0.0,0.0,0,2,0
v2,Q149,13,0.0,0.0,0.0,0.0,0,2,0
v2,Q149,14,0.0,0.0,0.0,0.0,1,2,0
v2,Q149,15,0.0,0.0,0.0,0.0,1,2,0
v2,Q149,16,0.0,0.0,0.0,0.0,1,2,0
v2,Q149,17,0.0,0.0,0.0,0.0,1,2,0
v2,Q149,18,0.0,0.0,0.0,0.0,0,2,0
v2,Q149,19,0.0,0.0,0.0,0.0,0,2,0
v2,Q149,20,0.0,0.0,0.0,0.0,0,2,0
v2,Q149,21,0.0,0.0,0.0,0.0,1,2,0
v2,Q149,22,0.0,0.0,0.0,0.0,0,2,0
v2,Q149,23,0.0,0.0,0.0,0.0,1,2,0
v2,Q149,24,0.0,0.0,0.0,0.0,1,2,0
v2,Q149,25,0.0,0.0,0.0,0.0,0,2,0
v2,Q15,1,0.0,0.0,0.0,0.0,1,2,0
v2,Q15,2,0.0,0.0,0.0,0.0,1,2,0
v2,Q15,3,0.0,0.0,0.0,0.0,1,2,0
v2,Q15,4,0.0,0.0,0.0,0.0,1,2,0
v2,Q15,5,0.0,0.0,0.0,0.0,1,2,0
v2,Q15,6,0.0,0.0,0.0,0.0,1,2,0
v2,Q15,7,0.0,0.0,0.0,0.0,1,2,0
v2,Q15,8,0.0,0.0,0.0,0.0,1,2,0
v2,Q15,9,0.0,0.0,0.0,0.0,1,2,0
v2,Q15,10,0.0,0.0,0.0,0.0,1,2,0
v2,Q15,11,0.0,0.0,0.0,0.0,1,2,0
v2,Q15,12,0.0,0.0,0.0,0.0,1,2,0
v2,Q15,13,0.0,0.0,0.0,0.0,1,2,0
v2,Q15,14,0.0,0.0,0.0,0.0,1,2,0
v2,Q15,15,0.0,0.0,0.0,0.0,1,2,0
v2,Q15,16,0.0,0.0,0.0,0.0,1,2,0
v2,Q15,17,0.0,0.0,0.0,0.0,1,2,0
v2,Q15,18,0.0,0.0,0.0,0.0,1,2,0
v2,Q15,19,0.0,0.0,0.0,0.0,1,2,0
v2,Q15,20,0.0,0.0,0.0,0.0,1,2,0
v2,Q15,21,0.0,0.0,0.0,0.0,1,2,0
v2,Q15,22,0.0,0.0,0.0,0.0,1,2,0
v2,Q15,23,0.0,0.0,0.0,0.0,1,2,0
v2,Q15,24,0.0,0.0,0.0,0.0,1,2,0
v2,Q15,25,0.0,0.0,0.0,0.0,1,2,0
v2,Q150,1,0.0,0.0,0.0,0.0,0,5,0
v2,Q150,2,0.0,0.0,0.0,0.0,1,5,0
v2,Q150,3,0.0,0.0,0.0,0.0,0,5,0
v2,Q150,4,0.0,0.0,0.0,0.0,0,5,0
v2,Q150,5,0.0,0.0,0.0,0.0,1,5,0
v2,Q150,6,0.0,0.0,0.0,0.0,0,5,0
v2,Q150,7,0.0,0.0,0.0,0.0,0,5,0
v2,Q150,8,0.0,0.0,0.0,0.0,1,5,0
v2,Q150,9,0.0,0.0,0.0,0.0,1,5,0
v2,Q150,10,0.0,0.0,0.0,0.0,1,5,0
v2,Q150,11,0.0,0.0,0.0,0.0,1,5,0
v2,Q150,12,0.0,0.0,0.0,0.0,1,5,0
v2,Q150,13,0.0,0.0,0.0,0.0,1,5,0
v2,Q150,14,0.0,0.0,0.0,0.0,1,5,0
v2,Q150,15,0.0,0.0,0.0,0.0,1,5,0
v2,Q150,16,0.0,0.0,0.0,0.0,1,5,0
v2,Q150,17,0.0,0.0,0.0,0.0,1,5,0
v2,Q150,18,0.0,0.0,0.0,0.0,1,5,0
v2,Q150,19,0.0,0.0,0.0,0.0,1,5,0
v2,Q150,20,0.0,0.0,0.0,0.0,1,5,0
v2,Q150,21,0.0,0.0,0.0,0.0,1,5,0
v2,Q150,22,0.0,0.0,0.0,0.0,1,5,0
v2,Q150,23,0.0,0.0,0.0,0.0,1,5,0
v2,Q150,24,0.0,0.0,0.0,0.0,1,5,0
v2,Q150,25,0.0,0.0,0.0,0.0,1,5,0
v2,Q151,1,0.0,0.0,0.0,0.0,1,1,0
v2,Q151,2,0.0,0.0,0.0,0.0,0,1,0
v2,Q151,3,0.0,0.0,0.0,0.0,0,1,0
v2,Q151,4,0.0,0.0,0.0,0.0,0,1,0
v2,Q151,5,0.0,0.0,0.0,0.0,0,1,0
v2,Q151,6,0.0,0.0,0.0,0.0,0,1,0
v2,Q151,7,0.0,0.0,0.0,0.0,0,1,0
v2,Q151,8,0.0,0.0,0.0,0.0,0,1,0
v2,Q151,9,0.0,0.0,0.0,0.0,0,1,0
v2,Q151,10,0.0,0.0,0.0,0.0,0,1,0
v2,Q151,11,0.0,0.0,0.0,0.0,0,1,0
v2,Q151,12,0.0,0.0,0.0,0.0,0,1,0
v2,Q151,13,0.0,0.0,0.0,0.0,0,1,0
v2,Q151,14,0.0,0.0,0.0,0.0,0,1,0
v2,Q151,15,0.0,0.0,0.0,0.0,1,1,0
v2,Q151,16,0.0,0.0,0.0,0.0,0,1,0
v2,Q151,17,0.0,0.0,0.0,0.0,1,1,0
v2,Q151,18,0.0,0.0,0.0,0.0,1,1,0
v2,Q151,19,0.0,0.0,0.0,0.0,0,1,0
v2,Q151,20,0.0,0.0,0.0,0.0,0,1,0
v2,Q151,21,0.0,0.0,0.0,0.0,0,1,0
v2,Q151,22,0.0,0.0,0.0,0.0,0,1,0
v2,Q151,23,0.0,0.0,0.0,0.0,0,1,0
v2,Q151,24,0.0,0.0,0.0,0.0,0,1,0
v2,Q151,25,0.0,0.0,0.0,0.0,0,1,0
v2,Q152,1,0.0,0.0,0.0,0.0,1,2,0
v2,Q152,2,0.0,0.0,0.0,0.0,1,2,0
v2,Q152,3,0.0,0.0,0.0,0.0,1,2,0
v2,Q152,4,0.0,0.0,0.0,0.0,1,2,0
v2,Q152,5,0.0,0.0,0.0,0.0,1,2,0
v2,Q152,6,0.0,0.0,0.0,0.0,1,2,0
v2,Q152,7,0.0,0.0,0.0,0.0,1,2,0
v2,Q152,8,0.0,0.0,0.0,0.0,0,2,0
v2,Q152,9,0.0,0.0,0.0,0.0,1,2,0
v2,Q152,10,0.0,0.0,0.0,0.0,1,2,0
v2,Q152,11,0.0,0.0,0.0,0.0,1,2,0
v2,Q152,12,0.0,0.0,0.0,0.0,1,2,0
v2,Q152,13,0.0,0.0,0.0,0.0,1,2,0
v2,Q152,14,0.0,0.0,0.0,0.0,1,2,0
v2,Q152,15,0.0,0.0,0.0,0.0,1,2,0
v2,Q152,16,0.0,0.0,0.0,0.0,1,2,0
v2,Q152,17,0.0,0.0,0.0,0.0,1,2,0
v2,Q152,18,0.0,0.0,0.0,0.0,1,2,0
v2,Q152,19,0.0,0.0,0.0,0.0,0,2,0
v2,Q152,20,0.0,0.0,0.0,0.0,0,2,0
v2,Q152,21,0.0,0.0,0.0,0.0,1,2,0
v2,Q152,22,0.0,0.0,0.0,0.0,1,2,0
v2,Q152,23,0.0,0.0,0.0,0.0,1,2,0
v2,Q152,24,0.0,0.0,0.0,0.0,1,2,0
v2,Q152,25,0.0,0.0,0.0,0.0,1,2,0
v2,Q153,1,0.0,0.0,0.0,0.0,0,10,0
v2,Q153,2,0.0,0.0,0.0,0.0,0,10,0
v2,Q153,3,0.0,0.0,0.0,0.0,0,10,0
v2,Q153,4,0.0,0.0,0.0,0.0,0,10,0
v2,Q153,5,0.0,0.0,0.0,0.0,0,10,0
v2,Q153,6,0.0,0.0,0.0,0.0,0,10,0
v2,Q153,7,0.0,0.0,0.0,0.0,0,10,0
v2,Q153,8,0.0,0.0,0.0,0.0,0,10,0
v2,Q153,9,0.0,0.0,0.0,0.0,0,10,0
v2,Q153,10,0.0,0.0,0.0,0.0,0,10,0
v2,Q153,11,0.0,0.0,0.0,0.0,0,10,0
v2,Q153,12,0.0,0.0,0.0,0.0,0,10,0
v2,Q153,13,0.0,0.0,0.0,0.0,0,10,0
v2,Q153,14,0.0,0.0,0.0,0.0,0,10,0
v2,Q153,15,0.0,0.0,0.0,0.0,0,10,0
v2,Q153,16,0.0,0.0,0.0,0.0,0,10,0
v2,Q153,17,0.0,0.0,0.0,0.0,0,10,0
v2,Q153,18,0.0,0.0,0.0,0.0,0,10,0
v2,Q153,19,0.0,0.0,0.0,0.0,0,10,0
v2,Q153,20,0.0,0.0,0.0,0.0,0,10,0
v2,Q153,21,0.0,0.0,0.0,0.0,0,10,0
v2,Q153,22,0.0,0.0,0.0,0.0,0,10,0
v2,Q153,23,0.0,0.0,0.0,0.0,0,10,0
v2,Q153,24,0.0,0.0,0.0,0.0,0,10,0
v2,Q153,25,0.0,0.0,0.0,0.0,0,10,0
v2,Q154,1,0.0,0.0,0.0,0.0,1,5,0
v2,Q154,2,0.0,0.0,0.0,0.0,1,5,0
v2,Q154,3,0.0,0.0,0.0,0.0,1,5,0
v2,Q154,4,1.0,0.2,0.33333333333333337,0.2,1,5,1
v2,Q154,5,0.0,0.0,0.0,0.0,1,5,0
v2,Q154,6,0.0,0.0,0.0,0.0,1,5,0
v2,Q154,7,1.0,0.2,0.33333333333333337,0.2,1,5,1
v2,Q154,8,0.0,0.0,0.0,0.0,1,5,0
v2,Q154,9,0.0,0.0,0.0,0.0,1,5,0
v2,Q154,10,1.0,0.2,0.33333333333333337,0.2,1,5,1
v2,Q154,11,0.0,0.0,0.0,0.0,1,5,0
v2,Q154,12,0.0,0.0,0.0,0.0,1,5,0
v2,Q154,13,0.0,0.0,0.0,0.0,1,5,0
v2,Q154,14,0.0,0.0,0.0,0.0,1,5,0
v2,Q154,15,0.0,0.0,0.0,0.0,1,5,0
v2,Q154,16,1.0,0.2,0.33333333333333337,0.2,1,5,1
v2,Q154,17,0.0,0.0,0.0,0.0,1,5,0
v2,Q154,18,1.0,0.2,0.33333333333333337,0.2,1,5,1
v2,Q154,19,1.0,0.2,0.33333333333333337,0.2,1,5,1
v2,Q154,20,1.0,0.2,0.33333333333333337,0.2,1,5,1
v2,Q154,21,1.0,0.2,0.33333333333333337,0.2,1,5,1
v2,Q154,22,1.0,0.2,0.33333333333333337,0.2,1,5,1
v2,Q154,23,0.0,0.0,0.0,0.0,1,5,0
v2,Q154,24,0.0,0.0,0.0,0.0,1,5,0
v2,Q154,25,0.0,0.0,0.0,0.0,1,5,0
v2,Q155,1,1.0,0.25,0.4,0.25,1,4,1
v2,Q155,2,1.0,0.25,0.4,0.25,1,4,1
v2,Q155,3,0.0,0.0,0.0,0.0,1,4,0
v2,Q155,4,1.0,0.25,0.4,0.25,1,4,1
v2,Q155,5,0.0,0.0,0.0,0.0,1,4,0
v2,Q155,6,0.0,0.0,0.0,0.0,1,4,0
v2,Q155,7,0.0,0.0,0.0,0.0,1,4,0
v2,Q155,8,0.0,0.0,0.0,0.0,1,4,0
v2,Q155,9,1.0,0.25,0.4,0.25,1,4,1
v2,Q155,10,0.0,0.0,0.0,0.0,1,4,0
v2,Q155,11,0.0,0.0,0.0,0.0,1,4,0
v2,Q155,12,1.0,0.25,0.4,0.25,1,4,1
v2,Q155,13,1.0,0.25,0.4,0.25,1,4,1
v2,Q155,14,0.0,0.0,0.0,0.0,1,4,0
v2,Q155,15,0.0,0.0,0.0,0.0,1,4,0
v2,Q155,16,1.0,0.25,0.4,0.25,1,4,1
v2,Q155,17,1.0,0.25,0.4,0.25,1,4,1
v2,Q155,18,1.0,0.25,0.4,0.25,1,4,1
v2,Q155,19,0.0,0.0,0.0,0.0,1,4,0
v2,Q155,20,0.0,0.0,0.0,0.0,1,4,0
v2,Q155,21,1.0,0.25,0.4,0.25,1,4,1
v2,Q155,22,0.0,0.0,0.0,0.0,1,4,0
v2,Q155,23,1.0,0.25,0.4,0.25,1,4,1
v2,Q155,24,0.0,0.0,0.0,0.0,1,4,0
v2,Q155,25,0.0,0.0,0.0,0.0,1,4,0
v2,Q156,1,0.0,0.0,0.0,0.0,1,5,0
v2,Q156,2,0.0,0.0,0.0,0.0,1,5,0
v2,Q156,3,0.0,0.0,0.0,0.0,1,5,0
v2,Q156,4,0.0,0.0,0.0,0.0,1,5,0
v2,Q156,5,0.0,0.0,0.0,0.0,1,5,0
v2,Q156,6,0.0,0.0,0.0,0.0,1,5,0
v2,Q156,7,0.0,0.0,0.0,0.0,1,5,0
v2,Q156,8,0.0,0.0,0.0,0.0,1,5,0
v2,Q156,9,0.0,0.0,0.0,0.0,1,5,0
v2,Q156,10,0.0,0.0,0.0,0.0,1,5,0
v2,Q156,11,0.0,0.0,0.0,0.0,1,5,0
v2,Q156,12,0.0,0.0,0.0,0.0,1,5,0
v2,Q156,13,0.0,0.0,0.0,0.0,1,5,0
v2,Q156,14,0.0,0.0,0.0,0.0,1,5,0
v2,Q156,15,0.0,0.0,0.0,0.0,1,5,0
v2,Q156,16,0.0,0.0,0.0,0.0,1,5,0
v2,Q156,17,0.0,0.0,0.0,0.0,1,5,0
v2,Q156,18,0.0,0.0,0.0,0.0,1,5,0
v2,Q156,19,0.0,0.0,0.0,0.0,1,5,0
v2,Q156,20,0.0,0.0,0.0,0.0,1,5,0
v2,Q156,21,0.0,0.0,0.0,0.0,1,5,0
v2,Q156,22,0.0,0.0,0.0,0.0,1,5,0
v2,Q156,23,0.0,0.0,0.0,0.0,1,5,0
v2,Q156,24,0.0,0.0,0.0,0.0,1,5,0
v2,Q156,25,0.0,0.0,0.0,0.0,1,5,0
v2,Q157,1,1.0,0.25,0.4,0.25,1,4,1
v2,Q157,2,0.0,0.0,0.0,0.0,1,4,0
v2,Q157,3,1.0,0.25,0.4,0.25,1,4,1
v2,Q157,4,0.0,0.0,0.0,0.0,1,4,0
v2,Q157,5,0.0,0.0,0.0,0.0,1,4,0
v2,Q157,6,0.0,0.0,0.0,0.0,1,4,0
v2,Q157,7,1.0,0.25,0.4,0.25,1,4,1
v2,Q157,8,1.0,0.25,0.4,0.25,1,4,1
v2,Q157,9,0.0,0.0,0.0,0.0,1,4,0
v2,Q157,10,0.0,0.0,0.0,0.0,1,4,0
v2,Q157,11,0.0,0.0,0.0,0.0,1,4,0
v2,Q157,12,0.0,0.0,0.0,0.0,1,4,0
v2,Q157,13,0.0,0.0,0.0,0.0,1,4,0
v2,Q157,14,0.0,0.0,0.0,0.0,1,4,0
v2,Q157,15,0.0,0.0,0.0,0.0,1,4,0
v2,Q157,16,0.0,0.0,0.0,0.0,1,4,0
v2,Q157,17,1.0,0.25,0.4,0.25,1,4,1
v2,Q157,18,0.0,0.0,0.0,0.0,1,4,0
v2,Q157,19,1.0,0.25,0.4,0.25,1,4,1
v2,Q157,20,0.0,0.0,0.0,0.0,1,4,0
v2,Q157,21,1.0,0.25,0.4,0.25,1,4,1
v2,Q157,22,1.0,0.25,0.4,0.25,1,4,1
v2,Q157,23,0.0,0.0,0.0,0.0,1,4,0
v2,Q157,24,0.0,0.0,0.0,0.0,1,4,0
v2,Q157,25,0.0,0.0,0.0,0.0,1,4,0
v2,Q158,1,0.0,0.0,0.0,0.0,1,4,0
v2,Q158,2,0.0,0.0,0.0,0.0,1,4,0
v2,Q158,3,0.0,0.0,0.0,0.0,1,4,0
v2,Q158,4,0.0,0.0,0.0,0.0,1,4,0
v2,Q158,5,0.0,0.0,0.0,0.0,1,4,0
v2,Q158,6,0.0,0.0,0.0,0.0,1,4,0
v2,Q158,7,0.0,0.0,0.0,0.0,1,4,0
v2,Q158,8,0.0,0.0,0.0,0.0,1,4,0
v2,Q158,9,0.0,0.0,0.0,0.0,1,4,0
v2,Q158,10,0.0,0.0,0.0,0.0,1,4,0
v2,Q158,11,0.0,0.0,0.0,0.0,1,4,0
v2,Q158,12,0.0,0.0,0.0,0.0,1,4,0
v2,Q158,13,0.0,0.0,0.0,0.0,1,4,0
v2,Q158,14,0.0,0.0,0.0,0.0,1,4,0
v2,Q158,15,0.0,0.0,0.0,0.0,1,4,0
v2,Q158,16,0.0,0.0,0.0,0.0,1,4,0
v2,Q158,17,0.0,0.0,0.0,0.0,1,4,0
v2,Q158,18,0.0,0.0,0.0,0.0,1,4,0
v2,Q158,19,0.0,0.0,0.0,0.0,1,4,0
v2,Q158,20,0.0,0.0,0.0,0.0,1,4,0
v2,Q158,21,0.0,0.0,0.0,0.0,1,4,0
v2,Q158,22,0.0,0.0,0.0,0.0,1,4,0
v2,Q158,23,0.0,0.0,0.0,0.0,1,4,0
v2,Q158,24,0.0,0.0,0.0,0.0,1,4,0
v2,Q158,25,0.0,0.0,0.0,0.0,1,4,0
v2,Q159,1,0.0,0.0,0.0,0.0,1,5,0
v2,Q159,2,1.0,0.2,0.33333333333333337,0.2,1,5,1
v2,Q159,3,0.0,0.0,0.0,0.0,1,5,0
v2,Q159,4,0.0,0.0,0.0,0.0,1,5,0
v2,Q159,5,0.0,0.0,0.0,0.0,1,5,0
v2,Q159,6,0.0,0.0,0.0,0.0,1,5,0
v2,Q159,7,0.0,0.0,0.0,0.0,1,5,0
v2,Q159,8,0.0,0.0,0.0,0.0,1,5,0
v2,Q159,9,0.0,0.0,0.0,0.0,1,5,0
v2,Q159,10,0.0,0.0,0.0,0.0,1,5,0
v2,Q159,11,0.0,0.0,0.0,0.0,1,5,0
v2,Q159,12,0.0,0.0,0.0,0.0,1,5,0
v2,Q159,13,0.0,0.0,0.0,0.0,1,5,0
v2,Q159,14,0.0,0.0,0.0,0.0,1,5,0
v2,Q159,15,0.0,0.0,0.0,0.0,1,5,0
v2,Q159,16,0.0,0.0,0.0,0.0,1,5,0
v2,Q159,17,0.0,0.0,0.0,0.0,1,5,0
v2,Q159,18,0.0,0.0,0.0,0.0,1,5,0
v2,Q159,19,0.0,0.0,0.0,0.0,1,5,0
v2,Q159,20,0.0,0.0,0.0,0.0,1,5,0
v2,Q159,21,0.0,0.0,0.0,0.0,1,5,0
v2,Q159,22,0.0,0.0,0.0,0.0,1,5,0
v2,Q159,23,0.0,0.0,0.0,0.0,1,5,0
v2,Q159,24,0.0,0.0,0.0,0.0,1,5,0
v2,Q159,25,0.0,0.0,0.0,0.0,1,5,0
v2,Q16,1,0.0,0.0,0.0,0.0,1,1,0
v2,Q16,2,0.0,0.0,0.0,0.0,1,1,0
v2,Q16,3,0.0,0.0,0.0,0.0,1,1,0
v2,Q16,4,0.0,0.0,0.0,0.0,1,1,0
v2,Q16,5,0.0,0.0,0.0,0.0,1,1,0
v2,Q16,6,0.0,0.0,0.0,0.0,1,1,0
v2,Q16,7,0.0,0.0,0.0,0.0,1,1,0
v2,Q16,8,0.0,0.0,0.0,0.0,1,1,0
v2,Q16,9,0.0,0.0,0.0,0.0,1,1,0
v2,Q16,10,0.0,0.0,0.0,0.0,1,1,0
v2,Q16,11,0.0,0.0,0.0,0.0,1,1,0
v2,Q16,12,0.0,0.0,0.0,0.0,1,1,0
v2,Q16,13,0.0,0.0,0.0,0.0,1,1,0
v2,Q16,14,0.0,0.0,0.0,0.0,1,1,0
v2,Q16,15,0.0,0.0,0.0,0.0,1,1,0
v2,Q16,16,0.0,0.0,0.0,0.0,1,1,0
v2,Q16,17,0.0,0.0,0.0,0.0,1,1,0
v2,Q16,18,0.0,0.0,0.0,0.0,1,1,0
v2,Q16,19,0.0,0.0,0.0,0.0,1,1,0
v2,Q16,20,0.0,0.0,0.0,0.0,1,1,0
v2,Q16,21,0.0,0.0,0.0,0.0,1,1,0
v2,Q16,22,0.0,0.0,0.0,0.0,1,1,0
v2,Q16,23,0.0,0.0,0.0,0.0,1,1,0
v2,Q16,24,0.0,0.0,0.0,0.0,1,1,0
v2,Q16,25,0.0,0.0,0.0,0.0,1,1,0
v2,Q160,1,1.0,0.14285714285714285,0.25,0.14285714285714285,1,7,1
v2,Q160,2,1.0,0.14285714285714285,0.25,0.14285714285714285,1,7,1
v2,Q160,3,0.0,0.0,0.0,0.0,0,7,0
v2,Q160,4,1.0,0.14285714285714285,0.25,0.14285714285714285,1,7,1
v2,Q160,5,0.0,0.0,0.0,0.0,1,7,0
v2,Q160,6,1.0,0.14285714285714285,0.25,0.14285714285714285,1,7,1
v2,Q160,7,0.0,0.0,0.0,0.0,1,7,0
v2,Q160,8,1.0,0.14285714285714285,0.25,0.14285714285714285,1,7,1
v2,Q160,9,0.0,0.0,0.0,0.0,1,7,0
v2,Q160,10,1.0,0.14285714285714285,0.25,0.14285714285714285,1,7,1
v2,Q160,11,1.0,0.14285714285714285,0.25,0.14285714285714285,1,7,1
v2,Q160,12,1.0,0.14285714285714285,0.25,0.14285714285714285,1,7,1
v2,Q160,13,1.0,0.14285714285714285,0.25,0.14285714285714285,1,7,1
v2,Q160,14,0.0,0.0,0.0,0.0,1,7,0
v2,Q160,15,0.0,0.0,0.0,0.0,1,7,0
v2,Q160,16,0.0,0.0,0.0,0.0,1,7,0
v2,Q160,17,1.0,0.14285714285714285,0.25,0.14285714285714285,1,7,1
v2,Q160,18,1.0,0.14285714285714285,0.25,0.14285714285714285,1,7,1
v2,Q160,19,1.0,0.14285714285714285,0.25,0.14285714285714285,1,7,1
v2,Q160,20,0.0,0.0,0.0,0.0,1,7,0
v2,Q160,21,1.0,0.14285714285714285,0.25,0.14285714285714285,1,7,1
v2,Q160,22,1.0,0.14285714285714285,0.25,0.14285714285714285,1,7,1
v2,Q160,23,1.0,0.14285714285714285,0.25,0.14285714285714285,1,7,1
v2,Q160,24,0.0,0.0,0.0,0.0,1,7,0
v2,Q160,25,1.0,0.14285714285714285,0.25,0.14285714285714285,1,7,1
v2,Q161,1,1.0,0.14285714285714285,0.25,0.14285714285714285,1,7,1
v2,Q161,2,0.0,0.0,0.0,0.0,1,7,0
v2,Q161,3,0.0,0.0,0.0,0.0,1,7,0
v2,Q161,4,0.0,0.0,0.0,0.0,0,7,0
v2,Q161,5,0.0,0.0,0.0,0.0,0,7,0
v2,Q161,6,0.0,0.0,0.0,0.0,0,7,0
v2,Q161,7,1.0,0.14285714285714285,0.25,0.14285714285714285,1,7,1
v2,Q161,8,0.0,0.0,0.0,0.0,0,7,0
v2,Q161,9,1.0,0.14285714285714285,0.25,0.14285714285714285,1,7,1
v2,Q161,10,0.0,0.0,0.0,0.0,1,7,0
v2,Q161,11,1.0,0.14285714285714285,0.25,0.14285714285714285,1,7,1
v2,Q161,12,0.0,0.0,0.0,0.0,0,7,0
v2,Q161,13,0.0,0.0,0.0,0.0,1,7,0
v2,Q161,14,1.0,0.14285714285714285,0.25,0.14285714285714285,1,7,1
v2,Q161,15,0.0,0.0,0.0,0.0,0,7,0
v2,Q161,16,0.0,0.0,0.0,0.0,1,7,0
v2,Q161,17,0.0,0.0,0.0,0.0,0,7,0
v2,Q161,18,1.0,0.14285714285714285,0.25,0.14285714285714285,1,7,1
v2,Q161,19,1.0,0.14285714285714285,0.25,0.14285714285714285,1,7,1
v2,Q161,20,0.0,0.0,0.0,0.0,1,7,0
v2,Q161,21,0.0,0.0,0.0,0.0,0,7,0
v2,Q161,22,0.0,0.0,0.0,0.0,1,7,0
v2,Q161,23,0.0,0.0,0.0,0.0,1,7,0
v2,Q161,24,0.0,0.0,0.0,0.0,0,7,0
v2,Q161,25,1.0,0.14285714285714285,0.25,0.14285714285714285,1,7,1
v2,Q162,1,1.0,0.1,0.18181818181818182,0.1,1,10,1
v2,Q162,2,0.0,0.0,0.0,0.0,1,10,0
v2,Q162,3,0.0,0.0,0.0,0.0,1,10,0
v2,Q162,4,0.0,0.0,0.0,0.0,1,10,0
v2,Q162,5,0.0,0.0,0.0,0.0,1,10,0
v2,Q162,6,0.0,0.0,0.0,0.0,1,10,0
v2,Q162,7,0.0,0.0,0.0,0.0,1,10,0
v2,Q162,8,0.0,0.0,0.0,0.0,1,10,0
v2,Q162,9,0.0,0.0,0.0,0.0,1,10,0
v2,Q162,10,1.0,0.1,0.18181818181818182,0.1,1,10,1
v2,Q162,11,0.0,0.0,0.0,0.0,1,10,0
v2,Q162,12,1.0,0.1,0.18181818181818182,0.1,1,10,1
v2,Q162,13,0.0,0.0,0.0,0.0,1,10,0
v2,Q162,14,0.0,0.0,0.0,0.0,1,10,0
v2,Q162,15,0.0,0.0,0.0,0.0,1,10,0
v2,Q162,16,0.0,0.0,0.0,0.0,1,10,0
v2,Q162,17,0.0,0.0,0.0,0.0,1,10,0
v2,Q162,18,0.0,0.0,0.0,0.0,1,10,0
v2,Q162,19,0.0,0.0,0.0,0.0,1,10,0
v2,Q162,20,0.0,0.0,0.0,0.0,1,10,0
v2,Q162,21,1.0,0.1,0.18181818181818182,0.1,1,10,1
v2,Q162,22,1.0,0.1,0.18181818181818182,0.1,1,10,1
v2,Q162,23,0.0,0.0,0.0,0.0,1,10,0
v2,Q162,24,0.0,0.0,0.0,0.0,1,10,0
v2,Q162,25,0.0,0.0,0.0,0.0,1,10,0
v2,Q163,1,0.0,0.0,0.0,0.0,1,7,0
v2,Q163,2,0.0,0.0,0.0,0.0,1,7,0
v2,Q163,3,0.0,0.0,0.0,0.0,1,7,0
v2,Q163,4,0.0,0.0,0.0,0.0,1,7,0
v2,Q163,5,0.0,0.0,0.0,0.0,1,7,0
v2,Q163,6,0.0,0.0,0.0,0.0,1,7,0
v2,Q163,7,1.0,0.14285714285714285,0.25,0.14285714285714285,1,7,1
v2,Q163,8,0.0,0.0,0.0,0.0,1,7,0
v2,Q163,9,1.0,0.14285714285714285,0.25,0.14285714285714285,1,7,1
v2,Q163,10,0.0,0.0,0.0,0.0,1,7,0
v2,Q163,11,0.0,0.0,0.0,0.0,1,7,0
v2,Q163,12,1.0,0.14285714285714285,0.25,0.14285714285714285,1,7,1
v2,Q163,13,1.0,0.14285714285714285,0.25,0.14285714285714285,1,7,1
v2,Q163,14,0.0,0.0,0.0,0.0,1,7,0
v2,Q163,15,1.0,0.14285714285714285,0.25,0.14285714285714285,1,7,1
v2,Q163,16,0.0,0.0,0.0,0.0,1,7,0
v2,Q163,17,0.0,0.0,0.0,0.0,1,7,0
v2,Q163,18,1.0,0.14285714285714285,0.25,0.14285714285714285,1,7,1
v2,Q163,19,0.0,0.0,0.0,0.0,1,7,0
v2,Q163,20,0.0,0.0,0.0,0.0,1,7,0
v2,Q163,21,0.0,0.0,0.0,0.0,1,7,0
v2,Q163,22,0.0,0.0,0.0,0.0,1,7,0
v2,Q163,23,0.0,0.0,0.0,0.0,1,7,0
v2,Q163,24,0.0,0.0,0.0,0.0,1,7,0
v2,Q163,25,1.0,0.14285714285714285,0.25,0.14285714285714285,1,7,1
v2,Q17,1,0.0,0.0,0.0,0.0,1,1,0
v2,Q17,2,0.0,0.0,0.0,0.0,1,1,0
v2,Q17,3,0.0,0.0,0.0,0.0,1,1,0
v2,Q17,4,0.0,0.0,0.0,0.0,1,1,0
v2,Q17,5,0.0,0.0,0.0,0.0,1,1,0
v2,Q17,6,0.0,0.0,0.0,0.0,1,1,0
v2,Q17,7,0.0,0.0,0.0,0.0,1,1,0
v2,Q17,8,0.0,0.0,0.0,0.0,1,1,0
v2,Q17,9,0.0,0.0,0.0,0.0,1,1,0
v2,Q17,10,0.0,0.0,0.0,0.0,1,1,0
v2,Q17,11,0.0,0.0,0.0,0.0,1,1,0
v2,Q17,12,0.0,0.0,0.0,0.0,1,1,0
v2,Q17,13,0.0,0.0,0.0,0.0,1,1,0
v2,Q17,14,0.0,0.0,0.0,0.0,1,1,0
v2,Q17,15,0.0,0.0,0.0,0.0,1,1,0
v2,Q17,16,0.0,0.0,0.0,0.0,1,1,0
v2,Q17,17,0.0,0.0,0.0,0.0,1,1,0
v2,Q17,18,0.0,0.0,0.0,0.0,1,1,0
v2,Q17,19,0.0,0.0,0.0,0.0,1,1,0
v2,Q17,20,0.0,0.0,0.0,0.0,1,1,0
v2,Q17,21,0.0,0.0,0.0,0.0,1,1,0
v2,Q17,22,0.0,0.0,0.0,0.0,1,1,0
v2,Q17,23,0.0,0.0,0.0,0.0,1,1,0
v2,Q17,24,0.0,0.0,0.0,0.0,1,1,0
v2,Q17,25,0.0,0.0,0.0,0.0,1,1,0
v2,Q18,1,0.0,0.0,0.0,0.0,0,1,0
v2,Q18,2,0.0,0.0,0.0,0.0,0,1,0
v2,Q18,3,0.0,0.0,0.0,0.0,0,1,0
v2,Q18,4,0.0,0.0,0.0,0.0,0,1,0
v2,Q18,5,0.0,0.0,0.0,0.0,0,1,0
v2,Q18,6,0.0,0.0,0.0,0.0,0,1,0
v2,Q18,7,0.0,0.0,0.0,0.0,0,1,0
v2,Q18,8,0.0,0.0,0.0,0.0,0,1,0
v2,Q18,9,0.0,0.0,0.0,0.0,0,1,0
v2,Q18,10,0.0,0.0,0.0,0.0,0,1,0
v2,Q18,11,0.0,0.0,0.0,0.0,0,1,0
v2,Q18,12,0.0,0.0,0.0,0.0,0,1,0
v2,Q18,13,0.0,0.0,0.0,0.0,0,1,0
v2,Q18,14,0.0,0.0,0.0,0.0,0,1,0
v2,Q18,15,0.0,0.0,0.0,0.0,0,1,0
v2,Q18,16,0.0,0.0,0.0,0.0,0,1,0
v2,Q18,17,0.0,0.0,0.0,0.0,0,1,0
v2,Q18,18,0.0,0.0,0.0,0.0,0,1,0
v2,Q18,19,0.0,0.0,0.0,0.0,0,1,0
v2,Q18,20,0.0,0.0,0.0,0.0,0,1,0
v2,Q18,21,0.0,0.0,0.0,0.0,0,1,0
v2,Q18,22,0.0,0.0,0.0,0.0,0,1,0
v2,Q18,23,0.0,0.0,0.0,0.0,0,1,0
v2,Q18,24,0.0,0.0,0.0,0.0,0,1,0
v2,Q18,25,0.0,0.0,0.0,0.0,0,1,0
v2,Q19,1,0.0,0.0,0.0,0.0,0,1,0
v2,Q19,2,0.0,0.0,0.0,0.0,0,1,0
v2,Q19,3,0.0,0.0,0.0,0.0,0,1,0
v2,Q19,4,0.0,0.0,0.0,0.0,0,1,0
v2,Q19,5,0.0,0.0,0.0,0.0,0,1,0
v2,Q19,6,0.0,0.0,0.0,0.0,0,1,0
v2,Q19,7,0.0,0.0,0.0,0.0,0,1,0
v2,Q19,8,0.0,0.0,0.0,0.0,0,1,0
v2,Q19,9,0.0,0.0,0.0,0.0,0,1,0
v2,Q19,10,0.0,0.0,0.0,0.0,0,1,0
v2,Q19,11,0.0,0.0,0.0,0.0,1,1,0
v2,Q19,12,0.0,0.0,0.0,0.0,0,1,0
v2,Q19,13,0.0,0.0,0.0,0.0,0,1,0
v2,Q19,14,0.0,0.0,0.0,0.0,0,1,0
v2,Q19,15,0.0,0.0,0.0,0.0,0,1,0
v2,Q19,16,0.0,0.0,0.0,0.0,0,1,0
v2,Q19,17,0.0,0.0,0.0,0.0,0,1,0
v2,Q19,18,0.0,0.0,0.0,0.0,0,1,0
v2,Q19,19,0.0,0.0,0.0,0.0,0,1,0
v2,Q19,20,0.0,0.0,0.0,0.0,0,1,0
v2,Q19,21,0.0,0.0,0.0,0.0,0,1,0
v2,Q19,22,0.0,0.0,0.0,0.0,0,1,0
v2,Q19,23,0.0,0.0,0.0,0.0,0,1,0
v2,Q19,24,0.0,0.0,0.0,0.0,0,1,0
v2,Q19,25,0.0,0.0,0.0,0.0,0,1,0
v2,Q2,1,0.0,0.0,0.0,0.0,1,5,0
v2,Q2,2,0.0,0.0,0.0,0.0,1,5,0
v2,Q2,3,0.0,0.0,0.0,0.0,1,5,0
v2,Q2,4,0.0,0.0,0.0,0.0,1,5,0
v2,Q2,5,0.0,0.0,0.0,0.0,1,5,0
v2,Q2,6,0.0,0.0,0.0,0.0,1,5,0
v2,Q2,7,0.0,0.0,0.0,0.0,1,5,0
v2,Q2,8,0.0,0.0,0.0,0.0,1,5,0
v2,Q2,9,0.0,0.0,0.0,0.0,1,5,0
v2,Q2,10,0.0,0.0,0.0,0.0,1,5,0
v2,Q2,11,0.0,0.0,0.0,0.0,1,5,0
v2,Q2,12,0.0,0.0,0.0,0.0,1,5,0
v2,Q2,13,0.0,0.0,0.0,0.0,1,5,0
v2,Q2,14,0.0,0.0,0.0,0.0,1,5,0
v2,Q2,15,0.0,0.0,0.0,0.0,1,5,0
v2,Q2,16,0.0,0.0,0.0,0.0,1,5,0
v2,Q2,17,0.0,0.0,0.0,0.0,1,5,0
v2,Q2,18,0.0,0.0,0.0,0.0,1,5,0
v2,Q2,19,0.0,0.0,0.0,0.0,1,5,0
v2,Q2,20,0.0,0.0,0.0,0.0,1,5,0
v2,Q2,21,0.0,0.0,0.0,0.0,1,5,0
v2,Q2,22,0.0,0.0,0.0,0.0,1,5,0
v2,Q2,23,0.0,0.0,0.0,0.0,1,5,0
v2,Q2,24,0.0,0.0,0.0,0.0,1,5,0
v2,Q2,25,0.0,0.0,0.0,0.0,1,5,0
v2,Q20,1,0.0,0.0,0.0,0.0,1,1,0
v2,Q20,2,0.0,0.0,0.0,0.0,1,1,0
v2,Q20,3,0.0,0.0,0.0,0.0,1,1,0
v2,Q20,4,0.0,0.0,0.0,0.0,1,1,0
v2,Q20,5,0.0,0.0,0.0,0.0,1,1,0
v2,Q20,6,0.0,0.0,0.0,0.0,1,1,0
v2,Q20,7,0.0,0.0,0.0,0.0,1,1,0
v2,Q20,8,0.0,0.0,0.0,0.0,1,1,0
v2,Q20,9,0.0,0.0,0.0,0.0,1,1,0
v2,Q20,10,0.0,0.0,0.0,0.0,1,1,0
v2,Q20,11,0.0,0.0,0.0,0.0,1,1,0
v2,Q20,12,0.0,0.0,0.0,0.0,1,1,0
v2,Q20,13,0.0,0.0,0.0,0.0,1,1,0
v2,Q20,14,0.0,0.0,0.0,0.0,1,1,0
v2,Q20,15,0.0,0.0,0.0,0.0,1,1,0
v2,Q20,16,0.0,0.0,0.0,0.0,1,1,0
v2,Q20,17,0.0,0.0,0.0,0.0,1,1,0
v2,Q20,18,0.0,0.0,0.0,0.0,1,1,0
v2,Q20,19,0.0,0.0,0.0,0.0,1,1,0
v2,Q20,20,0.0,0.0,0.0,0.0,1,1,0
v2,Q20,21,0.0,0.0,0.0,0.0,1,1,0
v2,Q20,22,0.0,0.0,0.0,0.0,1,1,0
v2,Q20,23,0.0,0.0,0.0,0.0,1,1,0
v2,Q20,24,0.0,0.0,0.0,0.0,1,1,0
v2,Q20,25,0.0,0.0,0.0,0.0,1,1,0
v2,Q21,1,0.0,0.0,0.0,0.0,1,2,0
v2,Q21,2,0.0,0.0,0.0,0.0,1,2,0
v2,Q21,3,0.0,0.0,0.0,0.0,1,2,0
v2,Q21,4,0.0,0.0,0.0,0.0,1,2,0
v2,Q21,5,0.0,0.0,0.0,0.0,1,2,0
v2,Q21,6,0.0,0.0,0.0,0.0,1,2,0
v2,Q21,7,0.0,0.0,0.0,0.0,1,2,0
v2,Q21,8,0.0,0.0,0.0,0.0,1,2,0
v2,Q21,9,0.0,0.0,0.0,0.0,1,2,0
v2,Q21,10,0.0,0.0,0.0,0.0,1,2,0
v2,Q21,11,0.0,0.0,0.0,0.0,1,2,0
v2,Q21,12,0.0,0.0,0.0,0.0,1,2,0
v2,Q21,13,0.0,0.0,0.0,0.0,1,2,0
v2,Q21,14,0.0,0.0,0.0,0.0,1,2,0
v2,Q21,15,0.0,0.0,0.0,0.0,1,2,0
v2,Q21,16,0.0,0.0,0.0,0.0,1,2,0
v2,Q21,17,0.0,0.0,0.0,0.0,1,2,0
v2,Q21,18,0.0,0.0,0.0,0.0,1,2,0
v2,Q21,19,0.0,0.0,0.0,0.0,1,2,0
v2,Q21,20,0.0,0.0,0.0,0.0,1,2,0
v2,Q21,21,0.0,0.0,0.0,0.0,1,2,0
v2,Q21,22,0.0,0.0,0.0,0.0,1,2,0
v2,Q21,23,0.0,0.0,0.0,0.0,1,2,0
v2,Q21,24,0.0,0.0,0.0,0.0,1,2,0
v2,Q21,25,0.0,0.0,0.0,0.0,1,2,0
v2,Q22,1,0.0,0.0,0.0,0.0,1,1,0
v2,Q22,2,0.0,0.0,0.0,0.0,1,1,0
v2,Q22,3,0.0,0.0,0.0,0.0,1,1,0
v2,Q22,4,0.0,0.0,0.0,0.0,1,1,0
v2,Q22,5,0.0,0.0,0.0,0.0,1,1,0
v2,Q22,6,0.0,0.0,0.0,0.0,1,1,0
v2,Q22,7,0.0,0.0,0.0,0.0,1,1,0
v2,Q22,8,0.0,0.0,0.0,0.0,1,1,0
v2,Q22,9,0.0,0.0,0.0,0.0,1,1,0
v2,Q22,10,0.0,0.0,0.0,0.0,1,1,0
v2,Q22,11,0.0,0.0,0.0,0.0,1,1,0
v2,Q22,12,0.0,0.0,0.0,0.0,1,1,0
v2,Q22,13,0.0,0.0,0.0,0.0,1,1,0
v2,Q22,14,0.0,0.0,0.0,0.0,1,1,0
v2,Q22,15,0.0,0.0,0.0,0.0,1,1,0
v2,Q22,16,0.0,0.0,0.0,0.0,1,1,0
v2,Q22,17,0.0,0.0,0.0,0.0,1,1,0
v2,Q22,18,0.0,0.0,0.0,0.0,1,1,0
v2,Q22,19,0.0,0.0,0.0,0.0,1,1,0
v2,Q22,20,0.0,0.0,0.0,0.0,1,1,0
v2,Q22,21,0.0,0.0,0.0,0.0,1,1,0
v2,Q22,22,0.0,0.0,0.0,0.0,1,1,0
v2,Q22,23,0.0,0.0,0.0,0.0,1,1,0
v2,Q22,24,0.0,0.0,0.0,0.0,1,1,0
v2,Q22,25,0.0,0.0,0.0,0.0,1,1,0
v2,Q23,1,0.0,0.0,0.0,0.0,1,1,0
v2,Q23,2,0.0,0.0,0.0,0.0,1,1,0
v2,Q23,3,0.0,0.0,0.0,0.0,0,1,0
v2,Q23,4,0.0,0.0,0.0,0.0,1,1,0
v2,Q23,5,0.0,0.0,0.0,0.0,0,1,0
v2,Q23,6,0.0,0.0,0.0,0.0,0,1,0
v2,Q23,7,0.0,0.0,0.0,0.0,0,1,0
v2,Q23,8,0.0,0.0,0.0,0.0,1,1,0
v2,Q23,9,0.0,0.0,0.0,0.0,0,1,0
v2,Q23,10,0.0,0.0,0.0,0.0,1,1,0
v2,Q23,11,0.0,0.0,0.0,0.0,0,1,0
v2,Q23,12,0.0,0.0,0.0,0.0,0,1,0
v2,Q23,13,0.0,0.0,0.0,0.0,1,1,0
v2,Q23,14,0.0,0.0,0.0,0.0,0,1,0
v2,Q23,15,0.0,0.0,0.0,0.0,1,1,0
v2,Q23,16,0.0,0.0,0.0,0.0,1,1,0
v2,Q23,17,0.0,0.0,0.0,0.0,1,1,0
v2,Q23,18,0.0,0.0,0.0,0.0,0,1,0
v2,Q23,19,0.0,0.0,0.0,0.0,0,1,0
v2,Q23,20,0.0,0.0,0.0,0.0,1,1,0
v2,Q23,21,0.0,0.0,0.0,0.0,0,1,0
v2,Q23,22,0.0,0.0,0.0,0.0,0,1,0
v2,Q23,23,0.0,0.0,0.0,0.0,0,1,0
v2,Q23,24,0.0,0.0,0.0,0.0,0,1,0
v2,Q23,25,0.0,0.0,0.0,0.0,0,1,0
v2,Q24,1,0.0,0.0,0.0,0.0,0,8,0
v2,Q24,2,0.0,0.0,0.0,0.0,0,8,0
v2,Q24,3,0.0,0.0,0.0,0.0,0,8,0
v2,Q24,4,0.0,0.0,0.0,0.0,1,8,0
v2,Q24,5,0.0,0.0,0.0,0.0,0,8,0
v2,Q24,6,0.0,0.0,0.0,0.0,0,8,0
v2,Q24,7,0.0,0.0,0.0,0.0,1,8,0
v2,Q24,8,0.0,0.0,0.0,0.0,1,8,0
v2,Q24,9,0.0,0.0,0.0,0.0,1,8,0
v2,Q24,10,0.0,0.0,0.0,0.0,1,8,0
v2,Q24,11,0.0,0.0,0.0,0.0,1,8,0
v2,Q24,12,0.0,0.0,0.0,0.0,1,8,0
v2,Q24,13,0.0,0.0,0.0,0.0,1,8,0
v2,Q24,14,0.0,0.0,0.0,0.0,1,8,0
v2,Q24,15,0.0,0.0,0.0,0.0,1,8,0
v2,Q24,16,0.0,0.0,0.0,0.0,1,8,0
v2,Q24,17,0.0,0.0,0.0,0.0,0,8,0
v2,Q24,18,0.0,0.0,0.0,0.0,1,8,0
v2,Q24,19,0.0,0.0,0.0,0.0,1,8,0
v2,Q24,20,0.0,0.0,0.0,0.0,1,8,0
v2,Q24,21,0.0,0.0,0.0,0.0,1,8,0
v2,Q24,22,0.0,0.0,0.0,0.0,1,8,0
v2,Q24,23,0.0,0.0,0.0,0.0,0,8,0
v2,Q24,24,0.0,0.0,0.0,0.0,0,8,0
v2,Q24,25,0.0,0.0,0.0,0.0,1,8,0
v2,Q25,1,0.0,0.0,0.0,0.0,1,4,0
v2,Q25,2,0.0,0.0,0.0,0.0,1,4,0
v2,Q25,3,0.0,0.0,0.0,0.0,1,4,0
v2,Q25,4,0.0,0.0,0.0,0.0,1,4,0
v2,Q25,5,0.0,0.0,0.0,0.0,1,4,0
v2,Q25,6,0.0,0.0,0.0,0.0,1,4,0
v2,Q25,7,0.0,0.0,0.0,0.0,1,4,0
v2,Q25,8,0.0,0.0,0.0,0.0,1,4,0
v2,Q25,9,0.0,0.0,0.0,0.0,1,4,0
v2,Q25,10,0.0,0.0,0.0,0.0,1,4,0
v2,Q25,11,0.0,0.0,0.0,0.0,1,4,0
v2,Q25,12,0.0,0.0,0.0,0.0,1,4,0
v2,Q25,13,0.0,0.0,0.0,0.0,1,4,0
v2,Q25,14,0.0,0.0,0.0,0.0,1,4,0
v2,Q25,15,0.0,0.0,0.0,0.0,1,4,0
v2,Q25,16,0.0,0.0,0.0,0.0,1,4,0
v2,Q25,17,0.0,0.0,0.0,0.0,1,4,0
v2,Q25,18,0.0,0.0,0.0,0.0,1,4,0
v2,Q25,19,0.0,0.0,0.0,0.0,1,4,0
v2,Q25,20,0.0,0.0,0.0,0.0,1,4,0
v2,Q25,21,0.0,0.0,0.0,0.0,1,4,0
v2,Q25,22,0.0,0.0,0.0,0.0,1,4,0
v2,Q25,23,0.0,0.0,0.0,0.0,1,4,0
v2,Q25,24,0.0,0.0,0.0,0.0,1,4,0
v2,Q25,25,0.0,0.0,0.0,0.0,1,4,0
v2,Q26,1,0.0,0.0,0.0,0.0,0,4,0
v2,Q26,2,0.0,0.0,0.0,0.0,0,4,0
v2,Q26,3,0.0,0.0,0.0,0.0,0,4,0
v2,Q26,4,0.0,0.0,0.0,0.0,0,4,0
v2,Q26,5,0.0,0.0,0.0,0.0,1,4,0
v2,Q26,6,0.0,0.0,0.0,0.0,0,4,0
v2,Q26,7,0.0,0.0,0.0,0.0,0,4,0
v2,Q26,8,0.0,0.0,0.0,0.0,0,4,0
v2,Q26,9,0.0,0.0,0.0,0.0,0,4,0
v2,Q26,10,0.0,0.0,0.0,0.0,0,4,0
v2,Q26,11,0.0,0.0,0.0,0.0,0,4,0
v2,Q26,12,0.0,0.0,0.0,0.0,0,4,0
v2,Q26,13,0.0,0.0,0.0,0.0,0,4,0
v2,Q26,14,0.0,0.0,0.0,0.0,0,4,0
v2,Q26,15,0.0,0.0,0.0,0.0,0,4,0
v2,Q26,16,0.0,0.0,0.0,0.0,0,4,0
v2,Q26,17,0.0,0.0,0.0,0.0,1,4,0
v2,Q26,18,0.0,0.0,0.0,0.0,0,4,0
v2,Q26,19,0.0,0.0,0.0,0.0,0,4,0
v2,Q26,20,0.0,0.0,0.0,0.0,0,4,0
v2,Q26,21,0.0,0.0,0.0,0.0,0,4,0
v2,Q26,22,0.0,0.0,0.0,0.0,0,4,0
v2,Q26,23,0.0,0.0,0.0,0.0,0,4,0
v2,Q26,24,0.0,0.0,0.0,0.0,0,4,0
v2,Q26,25,0.0,0.0,0.0,0.0,0,4,0
v2,Q27,1,0.0,0.0,0.0,0.0,0,2,0
v2,Q27,2,0.0,0.0,0.0,0.0,0,2,0
v2,Q27,3,0.0,0.0,0.0,0.0,0,2,0
v2,Q27,4,0.0,0.0,0.0,0.0,0,2,0
v2,Q27,5,0.0,0.0,0.0,0.0,0,2,0
v2,Q27,6,0.0,0.0,0.0,0.0,0,2,0
v2,Q27,7,0.0,0.0,0.0,0.0,0,2,0
v2,Q27,8,0.0,0.0,0.0,0.0,0,2,0
v2,Q27,9,0.0,0.0,0.0,0.0,0,2,0
v2,Q27,10,0.0,0.0,0.0,0.0,0,2,0
v2,Q27,11,0.0,0.0,0.0,0.0,0,2,0
v2,Q27,12,0.0,0.0,0.0,0.0,0,2,0
v2,Q27,13,0.0,0.0,0.0,0.0,0,2,0
v2,Q27,14,0.0,0.0,0.0,0.0,0,2,0
v2,Q27,15,0.0,0.0,0.0,0.0,0,2,0
v2,Q27,16,0.0,0.0,0.0,0.0,0,2,0
v2,Q27,17,0.0,0.0,0.0,0.0,0,2,0
v2,Q27,18,0.0,0.0,0.0,0.0,0,2,0
v2,Q27,19,0.0,0.0,0.0,0.0,0,2,0
v2,Q27,20,0.0,0.0,0.0,0.0,0,2,0
v2,Q27,21,0.0,0.0,0.0,0.0,0,2,0
v2,Q27,22,0.0,0.0,0.0,0.0,0,2,0
v2,Q27,23,0.0,0.0,0.0,0.0,0,2,0
v2,Q27,24,0.0,0.0,0.0,0.0,0,2,0
v2,Q27,25,0.0,0.0,0.0,0.0,0,2,0
v2,Q28,1,0.0,0.0,0.0,0.0,1,1,0
v2,Q28,2,0.0,0.0,0.0,0.0,1,1,0
v2,Q28,3,0.0,0.0,0.0,0.0,1,1,0
v2,Q28,4,0.0,0.0,0.0,0.0,1,1,0
v2,Q28,5,0.0,0.0,0.0,0.0,1,1,0
v2,Q28,6,0.0,0.0,0.0,0.0,1,1,0
v2,Q28,7,0.0,0.0,0.0,0.0,1,1,0
v2,Q28,8,0.0,0.0,0.0,0.0,1,1,0
v2,Q28,9,0.0,0.0,0.0,0.0,1,1,0
v2,Q28,10,0.0,0.0,0.0,0.0,1,1,0
v2,Q28,11,0.0,0.0,0.0,0.0,1,1,0
v2,Q28,12,0.0,0.0,0.0,0.0,1,1,0
v2,Q28,13,0.0,0.0,0.0,0.0,1,1,0
v2,Q28,14,0.0,0.0,0.0,0.0,1,1,0
v2,Q28,15,0.0,0.0,0.0,0.0,1,1,0
v2,Q28,16,0.0,0.0,0.0,0.0,1,1,0
v2,Q28,17,0.0,0.0,0.0,0.0,1,1,0
v2,Q28,18,0.0,0.0,0.0,0.0,1,1,0
v2,Q28,19,0.0,0.0,0.0,0.0,1,1,0
v2,Q28,20,0.0,0.0,0.0,0.0,1,1,0
v2,Q28,21,0.0,0.0,0.0,0.0,1,1,0
v2,Q28,22,0.0,0.0,0.0,0.0,1,1,0
v2,Q28,23,0.0,0.0,0.0,0.0,1,1,0
v2,Q28,24,0.0,0.0,0.0,0.0,1,1,0
v2,Q28,25,0.0,0.0,0.0,0.0,1,1,0
v2,Q29,1,0.0,0.0,0.0,0.0,1,1,0
v2,Q29,2,0.0,0.0,0.0,0.0,1,1,0
v2,Q29,3,0.0,0.0,0.0,0.0,1,1,0
v2,Q29,4,0.0,0.0,0.0,0.0,1,1,0
v2,Q29,5,0.0,0.0,0.0,0.0,1,1,0
v2,Q29,6,0.0,0.0,0.0,0.0,1,1,0
v2,Q29,7,0.0,0.0,0.0,0.0,1,1,0
v2,Q29,8,0.0,0.0,0.0,0.0,1,1,0
v2,Q29,9,0.0,0.0,0.0,0.0,1,1,0
v2,Q29,10,0.0,0.0,0.0,0.0,1,1,0
v2,Q29,11,0.0,0.0,0.0,0.0,1,1,0
v2,Q29,12,0.0,0.0,0.0,0.0,1,1,0
v2,Q29,13,0.0,0.0,0.0,0.0,1,1,0
v2,Q29,14,0.0,0.0,0.0,0.0,1,1,0
v2,Q29,15,0.0,0.0,0.0,0.0,1,1,0
v2,Q29,16,0.0,0.0,0.0,0.0,1,1,0
v2,Q29,17,0.0,0.0,0.0,0.0,1,1,0
v2,Q29,18,0.0,0.0,0.0,0.0,1,1,0
v2,Q29,19,0.0,0.0,0.0,0.0,1,1,0
v2,Q29,20,0.0,0.0,0.0,0.0,1,1,0
v2,Q29,21,0.0,0.0,0.0,0.0,1,1,0
v2,Q29,22,0.0,0.0,0.0,0.0,1,1,0
v2,Q29,23,0.0,0.0,0.0,0.0,1,1,0
v2,Q29,24,0.0,0.0,0.0,0.0,1,1,0
v2,Q29,25,0.0,0.0,0.0,0.0,1,1,0
v2,Q3,1,0.0,0.0,0.0,0.0,1,1,0
v2,Q3,2,0.0,0.0,0.0,0.0,0,1,0
v2,Q3,3,0.0,0.0,0.0,0.0,0,1,0
v2,Q3,4,0.0,0.0,0.0,0.0,1,1,0
v2,Q3,5,0.0,0.0,0.0,0.0,0,1,0
v2,Q3,6,0.0,0.0,0.0,0.0,1,1,0
v2,Q3,7,0.0,0.0,0.0,0.0,0,1,0
v2,Q3,8,0.0,0.0,0.0,0.0,1,1,0
v2,Q3,9,0.0,0.0,0.0,0.0,0,1,0
v2,Q3,10,0.0,0.0,0.0,0.0,1,1,0
v2,Q3,11,0.0,0.0,0.0,0.0,1,1,0
v2,Q3,12,0.0,0.0,0.0,0.0,1,1,0
v2,Q3,13,0.0,0.0,0.0,0.0,1,1,0
v2,Q3,14,0.0,0.0,0.0,0.0,1,1,0
v2,Q3,15,0.0,0.0,0.0,0.0,1,1,0
v2,Q3,16,0.0,0.0,0.0,0.0,0,1,0
v2,Q3,17,0.0,0.0,0.0,0.0,1,1,0
v2,Q3,18,0.0,0.0,0.0,0.0,1,1,0
v2,Q3,19,0.0,0.0,0.0,0.0,1,1,0
v2,Q3,20,0.0,0.0,0.0,0.0,1,1,0
v2,Q3,21,0.0,0.0,0.0,0.0,0,1,0
v2,Q3,22,0.0,0.0,0.0,0.0,1,1,0
v2,Q3,23,0.0,0.0,0.0,0.0,0,1,0
v2,Q3,24,0.0,0.0,0.0,0.0,0,1,0
v2,Q3,25,0.0,0.0,0.0,0.0,0,1,0
v2,Q30,1,0.0,0.0,0.0,0.0,1,2,0
v2,Q30,2,0.0,0.0,0.0,0.0,1,2,0
v2,Q30,3,0.0,0.0,0.0,0.0,1,2,0
v2,Q30,4,0.0,0.0,0.0,0.0,1,2,0
v2,Q30,5,0.0,0.0,0.0,0.0,1,2,0
v2,Q30,6,0.0,0.0,0.0,0.0,1,2,0
v2,Q30,7,0.0,0.0,0.0,0.0,1,2,0
v2,Q30,8,0.0,0.0,0.0,0.0,1,2,0
v2,Q30,9,0.0,0.0,0.0,0.0,1,2,0
v2,Q30,10,0.0,0.0,0.0,0.0,1,2,0
v2,Q30,11,0.0,0.0,0.0,0.0,1,2,0
v2,Q30,12,0.0,0.0,0.0,0.0,1,2,0
v2,Q30,13,0.0,0.0,0.0,0.0,1,2,0
v2,Q30,14,0.0,0.0,0.0,0.0,1,2,0
v2,Q30,15,0.0,0.0,0.0,0.0,1,2,0
v2,Q30,16,0.0,0.0,0.0,0.0,1,2,0
v2,Q30,17,0.0,0.0,0.0,0.0,1,2,0
v2,Q30,18,0.0,0.0,0.0,0.0,1,2,0
v2,Q30,19,0.0,0.0,0.0,0.0,1,2,0
v2,Q30,20,0.0,0.0,0.0,0.0,1,2,0
v2,Q30,21,0.0,0.0,0.0,0.0,1,2,0
v2,Q30,22,0.0,0.0,0.0,0.0,1,2,0
v2,Q30,23,0.0,0.0,0.0,0.0,1,2,0
v2,Q30,24,0.0,0.0,0.0,0.0,1,2,0
v2,Q30,25,0.0,0.0,0.0,0.0,1,2,0
v2,Q31,1,0.0,0.0,0.0,0.0,1,2,0
v2,Q31,2,0.0,0.0,0.0,0.0,0,2,0
v2,Q31,3,0.0,0.0,0.0,0.0,0,2,0
v2,Q31,4,0.0,0.0,0.0,0.0,0,2,0
v2,Q31,5,0.0,0.0,0.0,0.0,0,2,0
v2,Q31,6,0.0,0.0,0.0,0.0,1,2,0
v2,Q31,7,0.0,0.0,0.0,0.0,0,2,0
v2,Q31,8,0.0,0.0,0.0,0.0,0,2,0
v2,Q31,9,0.0,0.0,0.0,0.0,0,2,0
v2,Q31,10,0.0,0.0,0.0,0.0,1,2,0
v2,Q31,11,0.0,0.0,0.0,0.0,0,2,0
v2,Q31,12,0.0,0.0,0.0,0.0,1,2,0
v2,Q31,13,0.0,0.0,0.0,0.0,1,2,0
v2,Q31,14,0.0,0.0,0.0,0.0,0,2,0
v2,Q31,15,0.0,0.0,0.0,0.0,0,2,0
v2,Q31,16,0.0,0.0,0.0,0.0,0,2,0
v2,Q31,17,0.0,0.0,0.0,0.0,0,2,0
v2,Q31,18,0.0,0.0,0.0,0.0,1,2,0
v2,Q31,19,0.0,0.0,0.0,0.0,0,2,0
v2,Q31,20,0.0,0.0,0.0,0.0,0,2,0
v2,Q31,21,0.0,0.0,0.0,0.0,0,2,0
v2,Q31,22,0.0,0.0,0.0,0.0,1,2,0
v2,Q31,23,0.0,0.0,0.0,0.0,1,2,0
v2,Q31,24,0.0,0.0,0.0,0.0,1,2,0
v2,Q31,25,0.0,0.0,0.0,0.0,1,2,0
v2,Q32,1,0.0,0.0,0.0,0.0,1,1,0
v2,Q32,2,0.0,0.0,0.0,0.0,1,1,0
v2,Q32,3,0.0,0.0,0.0,0.0,1,1,0
v2,Q32,4,0.0,0.0,0.0,0.0,1,1,0
v2,Q32,5,0.0,0.0,0.0,0.0,1,1,0
v2,Q32,6,0.0,0.0,0.0,0.0,1,1,0
v2,Q32,7,0.0,0.0,0.0,0.0,1,1,0
v2,Q32,8,0.0,0.0,0.0,0.0,1,1,0
v2,Q32,9,0.0,0.0,0.0,0.0,1,1,0
v2,Q32,10,0.0,0.0,0.0,0.0,1,1,0
v2,Q32,11,0.0,0.0,0.0,0.0,1,1,0
v2,Q32,12,0.0,0.0,0.0,0.0,1,1,0
v2,Q32,13,0.0,0.0,0.0,0.0,1,1,0
v2,Q32,14,0.0,0.0,0.0,0.0,1,1,0
v2,Q32,15,0.0,0.0,0.0,0.0,1,1,0
v2,Q32,16,0.0,0.0,0.0,0.0,1,1,0
v2,Q32,17,0.0,0.0,0.0,0.0,1,1,0
v2,Q32,18,0.0,0.0,0.0,0.0,1,1,0
v2,Q32,19,0.0,0.0,0.0,0.0,1,1,0
v2,Q32,20,0.0,0.0,0.0,0.0,1,1,0
v2,Q32,21,0.0,0.0,0.0,0.0,1,1,0
v2,Q32,22,0.0,0.0,0.0,0.0,1,1,0
v2,Q32,23,0.0,0.0,0.0,0.0,1,1,0
v2,Q32,24,0.0,0.0,0.0,0.0,1,1,0
v2,Q32,25,0.0,0.0,0.0,0.0,1,1,0
v2,Q33,1,0.0,0.0,0.0,0.0,1,5,0
v2,Q33,2,0.0,0.0,0.0,0.0,1,5,0
v2,Q33,3,0.0,0.0,0.0,0.0,1,5,0
v2,Q33,4,0.0,0.0,0.0,0.0,1,5,0
v2,Q33,5,0.0,0.0,0.0,0.0,1,5,0
v2,Q33,6,0.0,0.0,0.0,0.0,1,5,0
v2,Q33,7,0.0,0.0,0.0,0.0,1,5,0
v2,Q33,8,0.0,0.0,0.0,0.0,1,5,0
v2,Q33,9,0.0,0.0,0.0,0.0,1,5,0
v2,Q33,10,0.0,0.0,0.0,0.0,1,5,0
v2,Q33,11,0.0,0.0,0.0,0.0,1,5,0
v2,Q33,12,0.0,0.0,0.0,0.0,1,5,0
v2,Q33,13,0.0,0.0,0.0,0.0,1,5,0
v2,Q33,14,0.0,0.0,0.0,0.0,1,5,0
v2,Q33,15,0.0,0.0,0.0,0.0,1,5,0
v2,Q33,16,0.0,0.0,0.0,0.0,1,5,0
v2,Q33,17,0.0,0.0,0.0,0.0,1,5,0
v2,Q33,18,0.0,0.0,0.0,0.0,1,5,0
v2,Q33,19,0.0,0.0,0.0,0.0,1,5,0
v2,Q33,20,0.0,0.0,0.0,0.0,1,5,0
v2,Q33,21,0.0,0.0,0.0,0.0,1,5,0
v2,Q33,22,0.0,0.0,0.0,0.0,1,5,0
v2,Q33,23,0.0,0.0,0.0,0.0,1,5,0
v2,Q33,24,0.0,0.0,0.0,0.0,1,5,0
v2,Q33,25,0.0,0.0,0.0,0.0,1,5,0
v2,Q34,1,0.0,0.0,0.0,0.0,0,3,0
v2,Q34,2,0.0,0.0,0.0,0.0,0,3,0
v2,Q34,3,0.0,0.0,0.0,0.0,0,3,0
v2,Q34,4,0.0,0.0,0.0,0.0,0,3,0
v2,Q34,5,0.0,0.0,0.0,0.0,0,3,0
v2,Q34,6,0.0,0.0,0.0,0.0,0,3,0
v2,Q34,7,0.0,0.0,0.0,0.0,0,3,0
v2,Q34,8,0.0,0.0,0.0,0.0,0,3,0
v2,Q34,9,0.0,0.0,0.0,0.0,0,3,0
v2,Q34,10,0.0,0.0,0.0,0.0,0,3,0
v2,Q34,11,0.0,0.0,0.0,0.0,0,3,0
v2,Q34,12,0.0,0.0,0.0,0.0,0,3,0
v2,Q34,13,0.0,0.0,0.0,0.0,0,3,0
v2,Q34,14,0.0,0.0,0.0,0.0,0,3,0
v2,Q34,15,0.0,0.0,0.0,0.0,0,3,0
v2,Q34,16,0.0,0.0,0.0,0.0,0,3,0
v2,Q34,17,0.0,0.0,0.0,0.0,0,3,0
v2,Q34,18,0.0,0.0,0.0,0.0,0,3,0
v2,Q34,19,0.0,0.0,0.0,0.0,1,3,0
v2,Q34,20,0.0,0.0,0.0,0.0,1,3,0
v2,Q34,21,0.0,0.0,0.0,0.0,0,3,0
v2,Q34,22,0.0,0.0,0.0,0.0,0,3,0
v2,Q34,23,0.0,0.0,0.0,0.0,0,3,0
v2,Q34,24,0.0,0.0,0.0,0.0,1,3,0
v2,Q34,25,0.0,0.0,0.0,0.0,0,3,0
v2,Q35,1,0.0,0.0,0.0,0.0,0,2,0
v2,Q35,2,0.0,0.0,0.0,0.0,0,2,0
v2,Q35,3,0.0,0.0,0.0,0.0,0,2,0
v2,Q35,4,0.0,0.0,0.0,0.0,0,2,0
v2,Q35,5,0.0,0.0,0.0,0.0,0,2,0
v2,Q35,6,0.0,0.0,0.0,0.0,0,2,0
v2,Q35,7,0.0,0.0,0.0,0.0,0,2,0
v2,Q35,8,0.0,0.0,0.0,0.0,0,2,0
v2,Q35,9,0.0,0.0,0.0,0.0,0,2,0
v2,Q35,10,0.0,0.0,0.0,0.0,0,2,0
v2,Q35,11,0.0,0.0,0.0,0.0,0,2,0
v2,Q35,12,0.0,0.0,0.0,0.0,0,2,0
v2,Q35,13,0.0,0.0,0.0,0.0,0,2,0
v2,Q35,14,0.0,0.0,0.0,0.0,0,2,0
v2,Q35,15,0.0,0.0,0.0,0.0,0,2,0
v2,Q35,16,0.0,0.0,0.0,0.0,0,2,0
v2,Q35,17,0.0,0.0,0.0,0.0,0,2,0
v2,Q35,18,0.0,0.0,0.0,0.0,0,2,0
v2,Q35,19,0.0,0.0,0.0,0.0,0,2,0
v2,Q35,20,0.0,0.0,0.0,0.0,0,2,0
v2,Q35,21,0.0,0.0,0.0,0.0,0,2,0
v2,Q35,22,0.0,0.0,0.0,0.0,0,2,0
v2,Q35,23,0.0,0.0,0.0,0.0,0,2,0
v2,Q35,24,0.0,0.0,0.0,0.0,0,2,0
v2,Q35,25,0.0,0.0,0.0,0.0,0,2,0
v2,Q36,1,0.0,0.0,0.0,0.0,1,2,0
v2,Q36,2,0.0,0.0,0.0,0.0,1,2,0
v2,Q36,3,0.0,0.0,0.0,0.0,1,2,0
v2,Q36,4,0.0,0.0,0.0,0.0,1,2,0
v2,Q36,5,0.0,0.0,0.0,0.0,1,2,0
v2,Q36,6,0.0,0.0,0.0,0.0,1,2,0
v2,Q36,7,0.0,0.0,0.0,0.0,1,2,0
v2,Q36,8,0.0,0.0,0.0,0.0,1,2,0
v2,Q36,9,0.0,0.0,0.0,0.0,1,2,0
v2,Q36,10,0.0,0.0,0.0,0.0,1,2,0
v2,Q36,11,0.0,0.0,0.0,0.0,1,2,0
v2,Q36,12,0.0,0.0,0.0,0.0,1,2,0
v2,Q36,13,0.0,0.0,0.0,0.0,1,2,0
v2,Q36,14,0.0,0.0,0.0,0.0,1,2,0
v2,Q36,15,0.0,0.0,0.0,0.0,1,2,0
v2,Q36,16,0.0,0.0,0.0,0.0,1,2,0
v2,Q36,17,0.0,0.0,0.0,0.0,1,2,0
v2,Q36,18,0.0,0.0,0.0,0.0,1,2,0
v2,Q36,19,0.0,0.0,0.0,0.0,1,2,0
v2,Q36,20,0.0,0.0,0.0,0.0,1,2,0
v2,Q36,21,0.0,0.0,0.0,0.0,1,2,0
v2,Q36,22,0.0,0.0,0.0,0.0,1,2,0
v2,Q36,23,0.0,0.0,0.0,0.0,1,2,0
v2,Q36,24,0.0,0.0,0.0,0.0,1,2,0
v2,Q36,25,0.0,0.0,0.0,0.0,1,2,0
v2,Q37,1,0.0,0.0,0.0,0.0,0,2,0
v2,Q37,2,0.0,0.0,0.0,0.0,0,2,0
v2,Q37,3,0.0,0.0,0.0,0.0,0,2,0
v2,Q37,4,0.0,0.0,0.0,0.0,0,2,0
v2,Q37,5,0.0,0.0,0.0,0.0,0,2,0
v2,Q37,6,0.0,0.0,0.0,0.0,0,2,0
v2,Q37,7,0.0,0.0,0.0,0.0,0,2,0
v2,Q37,8,0.0,0.0,0.0,0.0,0,2,0
v2,Q37,9,0.0,0.0,0.0,0.0,0,2,0
v2,Q37,10,0.0,0.0,0.0,0.0,0,2,0
v2,Q37,11,0.0,0.0,0.0,0.0,0,2,0
v2,Q37,12,0.0,0.0,0.0,0.0,0,2,0
v2,Q37,13,0.0,0.0,0.0,0.0,0,2,0
v2,Q37,14,0.0,0.0,0.0,0.0,0,2,0
v2,Q37,15,0.0,0.0,0.0,0.0,0,2,0
v2,Q37,16,0.0,0.0,0.0,0.0,0,2,0
v2,Q37,17,0.0,0.0,0.0,0.0,0,2,0
v2,Q37,18,0.0,0.0,0.0,0.0,0,2,0
v2,Q37,19,0.0,0.0,0.0,0.0,0,2,0
v2,Q37,20,0.0,0.0,0.0,0.0,0,2,0
v2,Q37,21,0.0,0.0,0.0,0.0,0,2,0
v2,Q37,22,0.0,0.0,0.0,0.0,0,2,0
v2,Q37,23,0.0,0.0,0.0,0.0,0,2,0
v2,Q37,24,0.0,0.0,0.0,0.0,0,2,0
v2,Q37,25,0.0,0.0,0.0,0.0,0,2,0
v2,Q38,1,0.0,0.0,0.0,0.0,1,1,0
v2,Q38,2,0.0,0.0,0.0,0.0,1,1,0
v2,Q38,3,0.0,0.0,0.0,0.0,1,1,0
v2,Q38,4,0.0,0.0,0.0,0.0,1,1,0
v2,Q38,5,0.0,0.0,0.0,0.0,1,1,0
v2,Q38,6,0.0,0.0,0.0,0.0,1,1,0
v2,Q38,7,0.0,0.0,0.0,0.0,1,1,0
v2,Q38,8,0.0,0.0,0.0,0.0,1,1,0
v2,Q38,9,0.0,0.0,0.0,0.0,1,1,0
v2,Q38,10,0.0,0.0,0.0,0.0,1,1,0
v2,Q38,11,0.0,0.0,0.0,0.0,1,1,0
v2,Q38,12,0.0,0.0,0.0,0.0,1,1,0
v2,Q38,13,0.0,0.0,0.0,0.0,1,1,0
v2,Q38,14,0.0,0.0,0.0,0.0,1,1,0
v2,Q38,15,0.0,0.0,0.0,0.0,1,1,0
v2,Q38,16,0.0,0.0,0.0,0.0,1,1,0
v2,Q38,17,0.0,0.0,0.0,0.0,1,1,0
v2,Q38,18,0.0,0.0,0.0,0.0,1,1,0
v2,Q38,19,0.0,0.0,0.0,0.0,1,1,0
v2,Q38,20,0.0,0.0,0.0,0.0,1,1,0
v2,Q38,21,0.0,0.0,0.0,0.0,1,1,0
v2,Q38,22,0.0,0.0,0.0,0.0,1,1,0
v2,Q38,23,0.0,0.0,0.0,0.0,1,1,0
v2,Q38,24,0.0,0.0,0.0,0.0,1,1,0
v2,Q38,25,0.0,0.0,0.0,0.0,1,1,0
v2,Q39,1,0.0,0.0,0.0,0.0,0,1,0
v2,Q39,2,0.0,0.0,0.0,0.0,0,1,0
v2,Q39,3,0.0,0.0,0.0,0.0,1,1,0
v2,Q39,4,0.0,0.0,0.0,0.0,0,1,0
v2,Q39,5,0.0,0.0,0.0,0.0,0,1,0
v2,Q39,6,0.0,0.0,0.0,0.0,0,1,0
v2,Q39,7,0.0,0.0,0.0,0.0,0,1,0
v2,Q39,8,0.0,0.0,0.0,0.0,0,1,0
v2,Q39,9,0.0,0.0,0.0,0.0,0,1,0
v2,Q39,10,0.0,0.0,0.0,0.0,0,1,0
v2,Q39,11,0.0,0.0,0.0,0.0,0,1,0
v2,Q39,12,0.0,0.0,0.0,0.0,0,1,0
v2,Q39,13,0.0,0.0,0.0,0.0,0,1,0
v2,Q39,14,0.0,0.0,0.0,0.0,0,1,0
v2,Q39,15,0.0,0.0,0.0,0.0,0,1,0
v2,Q39,16,0.0,0.0,0.0,0.0,0,1,0
v2,Q39,17,0.0,0.0,0.0,0.0,0,1,0
v2,Q39,18,0.0,0.0,0.0,0.0,0,1,0
v2,Q39,19,0.0,0.0,0.0,0.0,0,1,0
v2,Q39,20,0.0,0.0,0.0,0.0,0,1,0
v2,Q39,21,0.0,0.0,0.0,0.0,0,1,0
v2,Q39,22,0.0,0.0,0.0,0.0,0,1,0
v2,Q39,23,0.0,0.0,0.0,0.0,0,1,0
v2,Q39,24,0.0,0.0,0.0,0.0,0,1,0
v2,Q39,25,0.0,0.0,0.0,0.0,0,1,0
v2,Q4,1,0.0,0.0,0.0,0.0,0,3,0
v2,Q4,2,0.0,0.0,0.0,0.0,0,3,0
v2,Q4,3,0.0,0.0,0.0,0.0,0,3,0
v2,Q4,4,0.0,0.0,0.0,0.0,0,3,0
v2,Q4,5,0.0,0.0,0.0,0.0,0,3,0
v2,Q4,6,0.0,0.0,0.0,0.0,0,3,0
v2,Q4,7,0.0,0.0,0.0,0.0,0,3,0
v2,Q4,8,0.0,0.0,0.0,0.0,0,3,0
v2,Q4,9,0.0,0.0,0.0,0.0,0,3,0
v2,Q4,10,0.0,0.0,0.0,0.0,0,3,0
v2,Q4,11,0.0,0.0,0.0,0.0,0,3,0
v2,Q4,12,0.0,0.0,0.0,0.0,0,3,0
v2,Q4,13,0.0,0.0,0.0,0.0,0,3,0
v2,Q4,14,0.0,0.0,0.0,0.0,0,3,0
v2,Q4,15,0.0,0.0,0.0,0.0,0,3,0
v2,Q4,16,0.0,0.0,0.0,0.0,0,3,0
v2,Q4,17,0.0,0.0,0.0,0.0,0,3,0
v2,Q4,18,0.0,0.0,0.0,0.0,0,3,0
v2,Q4,19,0.0,0.0,0.0,0.0,0,3,0
v2,Q4,20,0.0,0.0,0.0,0.0,0,3,0
v2,Q4,21,0.0,0.0,0.0,0.0,0,3,0
v2,Q4,22,0.0,0.0,0.0,0.0,0,3,0
v2,Q4,23,0.0,0.0,0.0,0.0,0,3,0
v2,Q4,24,0.0,0.0,0.0,0.0,0,3,0
v2,Q4,25,0.0,0.0,0.0,0.0,0,3,0
v2,Q40,1,0.0,0.0,0.0,0.0,1,2,0
v2,Q40,2,0.0,0.0,0.0,0.0,1,2,0
v2,Q40,3,0.0,0.0,0.0,0.0,1,2,0
v2,Q40,4,0.0,0.0,0.0,0.0,1,2,0
v2,Q40,5,0.0,0.0,0.0,0.0,1,2,0
v2,Q40,6,0.0,0.0,0.0,0.0,1,2,0
v2,Q40,7,0.0,0.0,0.0,0.0,1,2,0
v2,Q40,8,0.0,0.0,0.0,0.0,1,2,0
v2,Q40,9,0.0,0.0,0.0,0.0,1,2,0
v2,Q40,10,0.0,0.0,0.0,0.0,1,2,0
v2,Q40,11,0.0,0.0,0.0,0.0,1,2,0
v2,Q40,12,0.0,0.0,0.0,0.0,1,2,0
v2,Q40,13,0.0,0.0,0.0,0.0,1,2,0
v2,Q40,14,0.0,0.0,0.0,0.0,1,2,0
v2,Q40,15,0.0,0.0,0.0,0.0,1,2,0
v2,Q40,16,0.0,0.0,0.0,0.0,1,2,0
v2,Q40,17,0.0,0.0,0.0,0.0,1,2,0
v2,Q40,18,0.0,0.0,0.0,0.0,1,2,0
v2,Q40,19,0.0,0.0,0.0,0.0,1,2,0
v2,Q40,20,0.0,0.0,0.0,0.0,1,2,0
v2,Q40,21,0.0,0.0,0.0,0.0,1,2,0
v2,Q40,22,0.0,0.0,0.0,0.0,1,2,0
v2,Q40,23,0.0,0.0,0.0,0.0,1,2,0
v2,Q40,24,0.0,0.0,0.0,0.0,1,2,0
v2,Q40,25,0.0,0.0,0.0,0.0,1,2,0
v2,Q41,1,0.0,0.0,0.0,0.0,0,1,0
v2,Q41,2,0.0,0.0,0.0,0.0,0,1,0
v2,Q41,3,0.0,0.0,0.0,0.0,0,1,0
v2,Q41,4,0.0,0.0,0.0,0.0,0,1,0
v2,Q41,5,0.0,0.0,0.0,0.0,1,1,0
v2,Q41,6,0.0,0.0,0.0,0.0,1,1,0
v2,Q41,7,0.0,0.0,0.0,0.0,1,1,0
v2,Q41,8,0.0,0.0,0.0,0.0,0,1,0
v2,Q41,9,0.0,0.0,0.0,0.0,1,1,0
v2,Q41,10,0.0,0.0,0.0,0.0,1,1,0
v2,Q41,11,0.0,0.0,0.0,0.0,0,1,0
v2,Q41,12,0.0,0.0,0.0,0.0,1,1,0
v2,Q41,13,0.0,0.0,0.0,0.0,1,1,0
v2,Q41,14,0.0,0.0,0.0,0.0,0,1,0
v2,Q41,15,0.0,0.0,0.0,0.0,0,1,0
v2,Q41,16,0.0,0.0,0.0,0.0,0,1,0
v2,Q41,17,0.0,0.0,0.0,0.0,1,1,0
v2,Q41,18,0.0,0.0,0.0,0.0,0,1,0
v2,Q41,19,0.0,0.0,0.0,0.0,1,1,0
v2,Q41,20,0.0,0.0,0.0,0.0,1,1,0
v2,Q41,21,0.0,0.0,0.0,0.0,1,1,0
v2,Q41,22,0.0,0.0,0.0,0.0,0,1,0
v2,Q41,23,0.0,0.0,0.0,0.0,1,1,0
v2,Q41,24,0.0,0.0,0.0,0.0,1,1,0
v2,Q41,25,0.0,0.0,0.0,0.0,0,1,0
v2,Q42,1,0.0,0.0,0.0,0.0,1,1,0
v2,Q42,2,0.0,0.0,0.0,0.0,1,1,0
v2,Q42,3,0.0,0.0,0.0,0.0,1,1,0
v2,Q42,4,0.0,0.0,0.0,0.0,1,1,0
v2,Q42,5,0.0,0.0,0.0,0.0,1,1,0
v2,Q42,6,0.0,0.0,0.0,0.0,1,1,0
v2,Q42,7,0.0,0.0,0.0,0.0,1,1,0
v2,Q42,8,0.0,0.0,0.0,0.0,1,1,0
v2,Q42,9,0.0,0.0,0.0,0.0,1,1,0
v2,Q42,10,0.0,0.0,0.0,0.0,1,1,0
v2,Q42,11,0.0,0.0,0.0,0.0,1,1,0
v2,Q42,12,0.0,0.0,0.0,0.0,1,1,0
v2,Q42,13,0.0,0.0,0.0,0.0,1,1,0
v2,Q42,14,0.0,0.0,0.0,0.0,1,1,0
v2,Q42,15,0.0,0.0,0.0,0.0,1,1,0
v2,Q42,16,0.0,0.0,0.0,0.0,1,1,0
v2,Q42,17,0.0,0.0,0.0,0.0,1,1,0
v2,Q42,18,0.0,0.0,0.0,0.0,1,1,0
v2,Q42,19,0.0,0.0,0.0,0.0,1,1,0
v2,Q42,20,0.0,0.0,0.0,0.0,1,1,0
v2,Q42,21,0.0,0.0,0.0,0.0,1,1,0
v2,Q42,22,0.0,0.0,0.0,0.0,1,1,0
v2,Q42,23,0.0,0.0,0.0,0.0,1,1,0
v2,Q42,24,0.0,0.0,0.0,0.0,1,1,0
v2,Q42,25,0.0,0.0,0.0,0.0,1,1,0
v2,Q43,1,0.0,0.0,0.0,0.0,1,1,0
v2,Q43,2,0.0,0.0,0.0,0.0,1,1,0
v2,Q43,3,0.0,0.0,0.0,0.0,1,1,0
v2,Q43,4,0.0,0.0,0.0,0.0,1,1,0
v2,Q43,5,0.0,0.0,0.0,0.0,1,1,0
v2,Q43,6,0.0,0.0,0.0,0.0,1,1,0
v2,Q43,7,0.0,0.0,0.0,0.0,1,1,0
v2,Q43,8,0.0,0.0,0.0,0.0,1,1,0
v2,Q43,9,0.0,0.0,0.0,0.0,1,1,0
v2,Q43,10,0.0,0.0,0.0,0.0,1,1,0
v2,Q43,11,0.0,0.0,0.0,0.0,1,1,0
v2,Q43,12,0.0,0.0,0.0,0.0,1,1,0
v2,Q43,13,0.0,0.0,0.0,0.0,1,1,0
v2,Q43,14,0.0,0.0,0.0,0.0,1,1,0
v2,Q43,15,0.0,0.0,0.0,0.0,1,1,0
v2,Q43,16,0.0,0.0,0.0,0.0,1,1,0
v2,Q43,17,0.0,0.0,0.0,0.0,1,1,0
v2,Q43,18,0.0,0.0,0.0,0.0,1,1,0
v2,Q43,19,0.0,0.0,0.0,0.0,1,1,0
v2,Q43,20,0.0,0.0,0.0,0.0,1,1,0
v2,Q43,21,0.0,0.0,0.0,0.0,1,1,0
v2,Q43,22,0.0,0.0,0.0,0.0,1,1,0
v2,Q43,23,0.0,0.0,0.0,0.0,1,1,0
v2,Q43,24,0.0,0.0,0.0,0.0,1,1,0
v2,Q43,25,0.0,0.0,0.0,0.0,1,1,0
v2,Q44,1,0.0,0.0,0.0,0.0,1,1,0
v2,Q44,2,0.0,0.0,0.0,0.0,1,1,0
v2,Q44,3,0.0,0.0,0.0,0.0,1,1,0
v2,Q44,4,0.0,0.0,0.0,0.0,1,1,0
v2,Q44,5,0.0,0.0,0.0,0.0,1,1,0
v2,Q44,6,0.0,0.0,0.0,0.0,1,1,0
v2,Q44,7,0.0,0.0,0.0,0.0,1,1,0
v2,Q44,8,0.0,0.0,0.0,0.0,1,1,0
v2,Q44,9,0.0,0.0,0.0,0.0,1,1,0
v2,Q44,10,0.0,0.0,0.0,0.0,1,1,0
v2,Q44,11,0.0,0.0,0.0,0.0,1,1,0
v2,Q44,12,0.0,0.0,0.0,0.0,1,1,0
v2,Q44,13,0.0,0.0,0.0,0.0,1,1,0
v2,Q44,14,0.0,0.0,0.0,0.0,1,1,0
v2,Q44,15,0.0,0.0,0.0,0.0,1,1,0
v2,Q44,16,0.0,0.0,0.0,0.0,1,1,0
v2,Q44,17,0.0,0.0,0.0,0.0,1,1,0
v2,Q44,18,0.0,0.0,0.0,0.0,1,1,0
v2,Q44,19,0.0,0.0,0.0,0.0,1,1,0
v2,Q44,20,0.0,0.0,0.0,0.0,1,1,0
v2,Q44,21,0.0,0.0,0.0,0.0,1,1,0
v2,Q44,22,0.0,0.0,0.0,0.0,1,1,0
v2,Q44,23,0.0,0.0,0.0,0.0,1,1,0
v2,Q44,24,0.0,0.0,0.0,0.0,1,1,0
v2,Q44,25,0.0,0.0,0.0,0.0,1,1,0
v2,Q45,1,0.0,0.0,0.0,0.0,1,2,0
v2,Q45,2,0.0,0.0,0.0,0.0,0,2,0
v2,Q45,3,0.0,0.0,0.0,0.0,1,2,0
v2,Q45,4,0.0,0.0,0.0,0.0,0,2,0
v2,Q45,5,0.0,0.0,0.0,0.0,1,2,0
v2,Q45,6,0.0,0.0,0.0,0.0,1,2,0
v2,Q45,7,0.0,0.0,0.0,0.0,0,2,0
v2,Q45,8,0.0,0.0,0.0,0.0,1,2,0
v2,Q45,9,0.0,0.0,0.0,0.0,0,2,0
v2,Q45,10,0.0,0.0,0.0,0.0,0,2,0
v2,Q45,11,0.0,0.0,0.0,0.0,1,2,0
v2,Q45,12,0.0,0.0,0.0,0.0,1,2,0
v2,Q45,13,0.0,0.0,0.0,0.0,0,2,0
v2,Q45,14,0.0,0.0,0.0,0.0,0,2,0
v2,Q45,15,0.0,0.0,0.0,0.0,1,2,0
v2,Q45,16,0.0,0.0,0.0,0.0,0,2,0
v2,Q45,17,0.0,0.0,0.0,0.0,1,2,0
v2,Q45,18,0.0,0.0,0.0,0.0,0,2,0
v2,Q45,19,0.0,0.0,0.0,0.0,0,2,0
v2,Q45,20,0.0,0.0,0.0,0.0,0,2,0
v2,Q45,21,0.0,0.0,0.0,0.0,1,2,0
v2,Q45,22,0.0,0.0,0.0,0.0,1,2,0
v2,Q45,23,0.0,0.0,0.0,0.0,1,2,0
v2,Q45,24,0.0,0.0,0.0,0.0,1,2,0
v2,Q45,25,0.0,0.0,0.0,0.0,0,2,0
v2,Q46,1,0.0,0.0,0.0,0.0,1,1,0
v2,Q46,2,0.0,0.0,0.0,0.0,1,1,0
v2,Q46,3,0.0,0.0,0.0,0.0,1,1,0
v2,Q46,4,0.0,0.0,0.0,0.0,1,1,0
v2,Q46,5,0.0,0.0,0.0,0.0,1,1,0
v2,Q46,6,0.0,0.0,0.0,0.0,1,1,0
v2,Q46,7,0.0,0.0,0.0,0.0,1,1,0
v2,Q46,8,0.0,0.0,0.0,0.0,1,1,0
v2,Q46,9,0.0,0.0,0.0,0.0,1,1,0
v2,Q46,10,0.0,0.0,0.0,0.0,1,1,0
v2,Q46,11,0.0,0.0,0.0,0.0,1,1,0
v2,Q46,12,0.0,0.0,0.0,0.0,1,1,0
v2,Q46,13,0.0,0.0,0.0,0.0,1,1,0
v2,Q46,14,0.0,0.0,0.0,0.0,1,1,0
v2,Q46,15,0.0,0.0,0.0,0.0,1,1,0
v2,Q46,16,0.0,0.0,0.0,0.0,1,1,0
v2,Q46,17,0.0,0.0,0.0,0.0,1,1,0
v2,Q46,18,0.0,0.0,0.0,0.0,1,1,0
v2,Q46,19,0.0,0.0,0.0,0.0,1,1,0
v2,Q46,20,0.0,0.0,0.0,0.0,1,1,0
v2,Q46,21,0.0,0.0,0.0,0.0,1,1,0
v2,Q46,22,0.0,0.0,0.0,0.0,1,1,0
v2,Q46,23,0.0,0.0,0.0,0.0,1,1,0
v2,Q46,24,0.0,0.0,0.0,0.0,1,1,0
v2,Q46,25,0.0,0.0,0.0,0.0,1,1,0
v2,Q47,1,0.0,0.0,0.0,0.0,0,1,0
v2,Q47,2,0.0,0.0,0.0,0.0,0,1,0
v2,Q47,3,0.0,0.0,0.0,0.0,0,1,0
v2,Q47,4,0.0,0.0,0.0,0.0,1,1,0
v2,Q47,5,0.0,0.0,0.0,0.0,0,1,0
v2,Q47,6,0.0,0.0,0.0,0.0,0,1,0
v2,Q47,7,0.0,0.0,0.0,0.0,0,1,0
v2,Q47,8,0.0,0.0,0.0,0.0,0,1,0
v2,Q47,9,0.0,0.0,0.0,0.0,1,1,0
v2,Q47,10,0.0,0.0,0.0,0.0,0,1,0
v2,Q47,11,0.0,0.0,0.0,0.0,0,1,0
v2,Q47,12,0.0,0.0,0.0,0.0,1,1,0
v2,Q47,13,0.0,0.0,0.0,0.0,0,1,0
v2,Q47,14,0.0,0.0,0.0,0.0,0,1,0
v2,Q47,15,0.0,0.0,0.0,0.0,0,1,0
v2,Q47,16,0.0,0.0,0.0,0.0,0,1,0
v2,Q47,17,0.0,0.0,0.0,0.0,0,1,0
v2,Q47,18,0.0,0.0,0.0,0.0,0,1,0
v2,Q47,19,0.0,0.0,0.0,0.0,0,1,0
v2,Q47,20,0.0,0.0,0.0,0.0,0,1,0
v2,Q47,21,0.0,0.0,0.0,0.0,0,1,0
v2,Q47,22,0.0,0.0,0.0,0.0,1,1,0
v2,Q47,23,0.0,0.0,0.0,0.0,1,1,0
v2,Q47,24,0.0,0.0,0.0,0.0,0,1,0
v2,Q47,25,0.0,0.0,0.0,0.0,1,1,0
v2,Q48,1,0.0,0.0,0.0,0.0,1,2,0
v2,Q48,2,0.0,0.0,0.0,0.0,1,2,0
v2,Q48,3,0.0,0.0,0.0,0.0,1,2,0
v2,Q48,4,0.0,0.0,0.0,0.0,1,2,0
v2,Q48,5,0.0,0.0,0.0,0.0,1,2,0
v2,Q48,6,0.0,0.0,0.0,0.0,1,2,0
v2,Q48,7,0.0,0.0,0.0,0.0,1,2,0
v2,Q48,8,0.0,0.0,0.0,0.0,1,2,0
v2,Q48,9,0.0,0.0,0.0,0.0,1,2,0
v2,Q48,10,0.0,0.0,0.0,0.0,1,2,0
v2,Q48,11,0.0,0.0,0.0,0.0,1,2,0
v2,Q48,12,0.0,0.0,0.0,0.0,1,2,0
v2,Q48,13,0.0,0.0,0.0,0.0,1,2,0
v2,Q48,14,0.0,0.0,0.0,0.0,1,2,0
v2,Q48,15,0.0,0.0,0.0,0.0,1,2,0
v2,Q48,16,0.0,0.0,0.0,0.0,1,2,0
v2,Q48,17,0.0,0.0,0.0,0.0,1,2,0
v2,Q48,18,0.0,0.0,0.0,0.0,1,2,0
v2,Q48,19,0.0,0.0,0.0,0.0,1,2,0
v2,Q48,20,0.0,0.0,0.0,0.0,1,2,0
v2,Q48,21,0.0,0.0,0.0,0.0,1,2,0
v2,Q48,22,0.0,0.0,0.0,0.0,1,2,0
v2,Q48,23,0.0,0.0,0.0,0.0,1,2,0
v2,Q48,24,0.0,0.0,0.0,0.0,1,2,0
v2,Q48,25,0.0,0.0,0.0,0.0,1,2,0
v2,Q49,1,0.0,0.0,0.0,0.0,0,7,0
v2,Q49,2,0.0,0.0,0.0,0.0,1,7,0
v2,Q49,3,0.0,0.0,0.0,0.0,0,7,0
v2,Q49,4,0.0,0.0,0.0,0.0,0,7,0
v2,Q49,5,0.0,0.0,0.0,0.0,0,7,0
v2,Q49,6,0.0,0.0,0.0,0.0,0,7,0
v2,Q49,7,0.0,0.0,0.0,0.0,0,7,0
v2,Q49,8,0.0,0.0,0.0,0.0,0,7,0
v2,Q49,9,0.0,0.0,0.0,0.0,1,7,0
v2,Q49,10,0.0,0.0,0.0,0.0,0,7,0
v2,Q49,11,0.0,0.0,0.0,0.0,0,7,0
v2,Q49,12,0.0,0.0,0.0,0.0,0,7,0
v2,Q49,13,0.0,0.0,0.0,0.0,1,7,0
v2,Q49,14,0.0,0.0,0.0,0.0,0,7,0
v2,Q49,15,0.0,0.0,0.0,0.0,0,7,0
v2,Q49,16,0.0,0.0,0.0,0.0,0,7,0
v2,Q49,17,0.0,0.0,0.0,0.0,0,7,0
v2,Q49,18,0.0,0.0,0.0,0.0,0,7,0
v2,Q49,19,0.0,0.0,0.0,0.0,0,7,0
v2,Q49,20,0.0,0.0,0.0,0.0,0,7,0
v2,Q49,21,0.0,0.0,0.0,0.0,0,7,0
v2,Q49,22,0.0,0.0,0.0,0.0,1,7,0
v2,Q49,23,0.0,0.0,0.0,0.0,0,7,0
v2,Q49,24,0.0,0.0,0.0,0.0,0,7,0
v2,Q49,25,0.0,0.0,0.0,0.0,0,7,0
v2,Q5,1,0.0,0.0,0.0,0.0,0,7,0
v2,Q5,2,0.0,0.0,0.0,0.0,0,7,0
v2,Q5,3,0.0,0.0,0.0,0.0,0,7,0
v2,Q5,4,0.0,0.0,0.0,0.0,0,7,0
v2,Q5,5,0.0,0.0,0.0,0.0,0,7,0
v2,Q5,6,0.0,0.0,0.0,0.0,0,7,0
v2,Q5,7,0.0,0.0,0.0,0.0,0,7,0
v2,Q5,8,0.0,0.0,0.0,0.0,0,7,0
v2,Q5,9,0.0,0.0,0.0,0.0,0,7,0
v2,Q5,10,0.0,0.0,0.0,0.0,0,7,0
v2,Q5,11,0.0,0.0,0.0,0.0,0,7,0
v2,Q5,12,0.0,0.0,0.0,0.0,0,7,0
v2,Q5,13,0.0,0.0,0.0,0.0,0,7,0
v2,Q5,14,0.0,0.0,0.0,0.0,0,7,0
v2,Q5,15,0.0,0.0,0.0,0.0,0,7,0
v2,Q5,16,0.0,0.0,0.0,0.0,0,7,0
v2,Q5,17,0.0,0.0,0.0,0.0,0,7,0
v2,Q5,18,0.0,0.0,0.0,0.0,0,7,0
v2,Q5,19,0.0,0.0,0.0,0.0,0,7,0
v2,Q5,20,0.0,0.0,0.0,0.0,0,7,0
v2,Q5,21,0.0,0.0,0.0,0.0,0,7,0
v2,Q5,22,0.0,0.0,0.0,0.0,0,7,0
v2,Q5,23,0.0,0.0,0.0,0.0,0,7,0
v2,Q5,24,0.0,0.0,0.0,0.0,0,7,0
v2,Q5,25,0.0,0.0,0.0,0.0,0,7,0
v2,Q50,1,0.0,0.0,0.0,0.0,1,1,0
v2,Q50,2,0.0,0.0,0.0,0.0,1,1,0
v2,Q50,3,0.0,0.0,0.0,0.0,1,1,0
v2,Q50,4,0.0,0.0,0.0,0.0,1,1,0
v2,Q50,5,0.0,0.0,0.0,0.0,1,1,0
v2,Q50,6,0.0,0.0,0.0,0.0,1,1,0
v2,Q50,7,0.0,0.0,0.0,0.0,1,1,0
v2,Q50,8,0.0,0.0,0.0,0.0,1,1,0
v2,Q50,9,0.0,0.0,0.0,0.0,1,1,0
v2,Q50,10,0.0,0.0,0.0,0.0,1,1,0
v2,Q50,11,0.0,0.0,0.0,0.0,1,1,0
v2,Q50,12,0.0,0.0,0.0,0.0,1,1,0
v2,Q50,13,0.0,0.0,0.0,0.0,1,1,0
v2,Q50,14,0.0,0.0,0.0,0.0,1,1,0
v2,Q50,15,0.0,0.0,0.0,0.0,1,1,0
v2,Q50,16,0.0,0.0,0.0,0.0,1,1,0
v2,Q50,17,0.0,0.0,0.0,0.0,1,1,0
v2,Q50,18,0.0,0.0,0.0,0.0,1,1,0
v2,Q50,19,0.0,0.0,0.0,0.0,1,1,0
v2,Q50,20,0.0,0.0,0.0,0.0,1,1,0
v2,Q50,21,0.0,0.0,0.0,0.0,1,1,0
v2,Q50,22,0.0,0.0,0.0,0.0,1,1,0
v2,Q50,23,0.0,0.0,0.0,0.0,1,1,0
v2,Q50,24,0.0,0.0,0.0,0.0,1,1,0
v2,Q50,25,0.0,0.0,0.0,0.0,1,1,0
v2,Q51,1,0.0,0.0,0.0,0.0,0,1,0
v2,Q51,2,0.0,0.0,0.0,0.0,1,1,0
v2,Q51,3,0.0,0.0,0.0,0.0,1,1,0
v2,Q51,4,0.0,0.0,0.0,0.0,1,1,0
v2,Q51,5,0.0,0.0,0.0,0.0,1,1,0
v2,Q51,6,0.0,0.0,0.0,0.0,0,1,0
v2,Q51,7,0.0,0.0,0.0,0.0,1,1,0
v2,Q51,8,0.0,0.0,0.0,0.0,1,1,0
v2,Q51,9,0.0,0.0,0.0,0.0,1,1,0
v2,Q51,10,0.0,0.0,0.0,0.0,1,1,0
v2,Q51,11,0.0,0.0,0.0,0.0,1,1,0
v2,Q51,12,0.0,0.0,0.0,0.0,1,1,0
v2,Q51,13,0.0,0.0,0.0,0.0,1,1,0
v2,Q51,14,0.0,0.0,0.0,0.0,1,1,0
v2,Q51,15,0.0,0.0,0.0,0.0,1,1,0
v2,Q51,16,0.0,0.0,0.0,0.0,1,1,0
v2,Q51,17,0.0,0.0,0.0,0.0,1,1,0
v2,Q51,18,0.0,0.0,0.0,0.0,1,1,0
v2,Q51,19,0.0,0.0,0.0,0.0,1,1,0
v2,Q51,20,0.0,0.0,0.0,0.0,1,1,0
v2,Q51,21,0.0,0.0,0.0,0.0,1,1,0
v2,Q51,22,0.0,0.0,0.0,0.0,1,1,0
v2,Q51,23,0.0,0.0,0.0,0.0,1,1,0
v2,Q51,24,0.0,0.0,0.0,0.0,1,1,0
v2,Q51,25,0.0,0.0,0.0,0.0,1,1,0
v2,Q52,1,0.0,0.0,0.0,0.0,1,2,0
v2,Q52,2,0.0,0.0,0.0,0.0,1,2,0
v2,Q52,3,0.0,0.0,0.0,0.0,1,2,0
v2,Q52,4,0.0,0.0,0.0,0.0,1,2,0
v2,Q52,5,0.0,0.0,0.0,0.0,1,2,0
v2,Q52,6,0.0,0.0,0.0,0.0,1,2,0
v2,Q52,7,0.0,0.0,0.0,0.0,1,2,0
v2,Q52,8,0.0,0.0,0.0,0.0,1,2,0
v2,Q52,9,0.0,0.0,0.0,0.0,1,2,0
v2,Q52,10,0.0,0.0,0.0,0.0,1,2,0
v2,Q52,11,0.0,0.0,0.0,0.0,1,2,0
v2,Q52,12,0.0,0.0,0.0,0.0,1,2,0
v2,Q52,13,0.0,0.0,0.0,0.0,1,2,0
v2,Q52,14,0.0,0.0,0.0,0.0,1,2,0
v2,Q52,15,0.0,0.0,0.0,0.0,1,2,0
v2,Q52,16,0.0,0.0,0.0,0.0,1,2,0
v2,Q52,17,0.0,0.0,0.0,0.0,1,2,0
v2,Q52,18,0.0,0.0,0.0,0.0,1,2,0
v2,Q52,19,0.0,0.0,0.0,0.0,1,2,0
v2,Q52,20,0.0,0.0,0.0,0.0,1,2,0
v2,Q52,21,0.0,0.0,0.0,0.0,1,2,0
v2,Q52,22,0.0,0.0,0.0,0.0,1,2,0
v2,Q52,23,0.0,0.0,0.0,0.0,1,2,0
v2,Q52,24,0.0,0.0,0.0,0.0,1,2,0
v2,Q52,25,0.0,0.0,0.0,0.0,1,2,0
v2,Q53,1,0.0,0.0,0.0,0.0,0,2,0
v2,Q53,2,0.0,0.0,0.0,0.0,0,2,0
v2,Q53,3,0.0,0.0,0.0,0.0,0,2,0
v2,Q53,4,0.0,0.0,0.0,0.0,0,2,0
v2,Q53,5,0.0,0.0,0.0,0.0,0,2,0
v2,Q53,6,0.0,0.0,0.0,0.0,0,2,0
v2,Q53,7,0.0,0.0,0.0,0.0,0,2,0
v2,Q53,8,0.0,0.0,0.0,0.0,0,2,0
v2,Q53,9,0.0,0.0,0.0,0.0,0,2,0
v2,Q53,10,0.0,0.0,0.0,0.0,0,2,0
v2,Q53,11,0.0,0.0,0.0,0.0,0,2,0
v2,Q53,12,0.0,0.0,0.0,0.0,0,2,0
v2,Q53,13,0.0,0.0,0.0,0.0,0,2,0
v2,Q53,14,0.0,0.0,0.0,0.0,0,2,0
v2,Q53,15,0.0,0.0,0.0,0.0,0,2,0
v2,Q53,16,0.0,0.0,0.0,0.0,0,2,0
v2,Q53,17,0.0,0.0,0.0,0.0,0,2,0
v2,Q53,18,0.0,0.0,0.0,0.0,0,2,0
v2,Q53,19,0.0,0.0,0.0,0.0,0,2,0
v2,Q53,20,0.0,0.0,0.0,0.0,0,2,0
v2,Q53,21,0.0,0.0,0.0,0.0,0,2,0
v2,Q53,22,0.0,0.0,0.0,0.0,0,2,0
v2,Q53,23,0.0,0.0,0.0,0.0,0,2,0
v2,Q53,24,0.0,0.0,0.0,0.0,0,2,0
v2,Q53,25,0.0,0.0,0.0,0.0,0,2,0
v2,Q54,1,0.0,0.0,0.0,0.0,1,1,0
v2,Q54,2,0.0,0.0,0.0,0.0,1,1,0
v2,Q54,3,0.0,0.0,0.0,0.0,1,1,0
v2,Q54,4,0.0,0.0,0.0,0.0,1,1,0
v2,Q54,5,0.0,0.0,0.0,0.0,1,1,0
v2,Q54,6,0.0,0.0,0.0,0.0,1,1,0
v2,Q54,7,0.0,0.0,0.0,0.0,1,1,0
v2,Q54,8,0.0,0.0,0.0,0.0,1,1,0
v2,Q54,9,0.0,0.0,0.0,0.0,1,1,0
v2,Q54,10,0.0,0.0,0.0,0.0,1,1,0
v2,Q54,11,0.0,0.0,0.0,0.0,1,1,0
v2,Q54,12,0.0,0.0,0.0,0.0,1,1,0
v2,Q54,13,0.0,0.0,0.0,0.0,1,1,0
v2,Q54,14,0.0,0.0,0.0,0.0,1,1,0
v2,Q54,15,0.0,0.0,0.0,0.0,1,1,0
v2,Q54,16,0.0,0.0,0.0,0.0,1,1,0
v2,Q54,17,0.0,0.0,0.0,0.0,1,1,0
v2,Q54,18,0.0,0.0,0.0,0.0,1,1,0
v2,Q54,19,0.0,0.0,0.0,0.0,1,1,0
v2,Q54,20,0.0,0.0,0.0,0.0,1,1,0
v2,Q54,21,0.0,0.0,0.0,0.0,1,1,0
v2,Q54,22,0.0,0.0,0.0,0.0,1,1,0
v2,Q54,23,0.0,0.0,0.0,0.0,1,1,0
v2,Q54,24,0.0,0.0,0.0,0.0,1,1,0
v2,Q54,25,0.0,0.0,0.0,0.0,1,1,0
v2,Q55,1,0.0,0.0,0.0,0.0,1,5,0
v2,Q55,2,0.0,0.0,0.0,0.0,1,5,0
v2,Q55,3,0.0,0.0,0.0,0.0,1,5,0
v2,Q55,4,0.0,0.0,0.0,0.0,1,5,0
v2,Q55,5,0.0,0.0,0.0,0.0,1,5,0
v2,Q55,6,0.0,0.0,0.0,0.0,1,5,0
v2,Q55,7,0.0,0.0,0.0,0.0,1,5,0
v2,Q55,8,0.0,0.0,0.0,0.0,1,5,0
v2,Q55,9,0.0,0.0,0.0,0.0,1,5,0
v2,Q55,10,0.0,0.0,0.0,0.0,1,5,0
v2,Q55,11,0.0,0.0,0.0,0.0,1,5,0
v2,Q55,12,0.0,0.0,0.0,0.0,1,5,0
v2,Q55,13,0.0,0.0,0.0,0.0,1,5,0
v2,Q55,14,0.0,0.0,0.0,0.0,1,5,0
v2,Q55,15,0.0,0.0,0.0,0.0,1,5,0
v2,Q55,16,0.0,0.0,0.0,0.0,1,5,0
v2,Q55,17,0.0,0.0,0.0,0.0,1,5,0
v2,Q55,18,0.0,0.0,0.0,0.0,1,5,0
v2,Q55,19,0.0,0.0,0.0,0.0,1,5,0
v2,Q55,20,0.0,0.0,0.0,0.0,1,5,0
v2,Q55,21,0.0,0.0,0.0,0.0,1,5,0
v2,Q55,22,0.0,0.0,0.0,0.0,1,5,0
v2,Q55,23,0.0,0.0,0.0,0.0,1,5,0
v2,Q55,24,0.0,0.0,0.0,0.0,1,5,0
v2,Q55,25,0.0,0.0,0.0,0.0,1,5,0
v2,Q56,1,0.0,0.0,0.0,0.0,0,9,0
v2,Q56,2,0.0,0.0,0.0,0.0,0,9,0
v2,Q56,3,0.0,0.0,0.0,0.0,0,9,0
v2,Q56,4,0.0,0.0,0.0,0.0,0,9,0
v2,Q56,5,0.0,0.0,0.0,0.0,0,9,0
v2,Q56,6,0.0,0.0,0.0,0.0,0,9,0
v2,Q56,7,0.0,0.0,0.0,0.0,0,9,0
v2,Q56,8,0.0,0.0,0.0,0.0,0,9,0
v2,Q56,9,0.0,0.0,0.0,0.0,0,9,0
v2,Q56,10,0.0,0.0,0.0,0.0,0,9,0
v2,Q56,11,0.0,0.0,0.0,0.0,0,9,0
v2,Q56,12,0.0,0.0,0.0,0.0,0,9,0
v2,Q56,13,0.0,0.0,0.0,0.0,0,9,0
v2,Q56,14,0.0,0.0,0.0,0.0,0,9,0
v2,Q56,15,0.0,0.0,0.0,0.0,0,9,0
v2,Q56,16,0.0,0.0,0.0,0.0,0,9,0
v2,Q56,17,0.0,0.0,0.0,0.0,0,9,0
v2,Q56,18,0.0,0.0,0.0,0.0,0,9,0
v2,Q56,19,0.0,0.0,0.0,0.0,0,9,0
v2,Q56,20,0.0,0.0,0.0,0.0,0,9,0
v2,Q56,21,0.0,0.0,0.0,0.0,0,9,0
v2,Q56,22,0.0,0.0,0.0,0.0,0,9,0
v2,Q56,23,0.0,0.0,0.0,0.0,0,9,0
v2,Q56,24,0.0,0.0,0.0,0.0,0,9,0
v2,Q56,25,0.0,0.0,0.0,0.0,0,9,0
v2,Q57,1,0.0,0.0,0.0,0.0,1,2,0
v2,Q57,2,0.0,0.0,0.0,0.0,1,2,0
v2,Q57,3,0.0,0.0,0.0,0.0,1,2,0
v2,Q57,4,0.0,0.0,0.0,0.0,1,2,0
v2,Q57,5,0.0,0.0,0.0,0.0,1,2,0
v2,Q57,6,0.0,0.0,0.0,0.0,1,2,0
v2,Q57,7,0.0,0.0,0.0,0.0,1,2,0
v2,Q57,8,0.0,0.0,0.0,0.0,1,2,0
v2,Q57,9,0.0,0.0,0.0,0.0,1,2,0
v2,Q57,10,0.0,0.0,0.0,0.0,1,2,0
v2,Q57,11,0.0,0.0,0.0,0.0,1,2,0
v2,Q57,12,0.0,0.0,0.0,0.0,1,2,0
v2,Q57,13,0.0,0.0,0.0,0.0,1,2,0
v2,Q57,14,0.0,0.0,0.0,0.0,1,2,0
v2,Q57,15,0.0,0.0,0.0,0.0,1,2,0
v2,Q57,16,0.0,0.0,0.0,0.0,1,2,0
v2,Q57,17,0.0,0.0,0.0,0.0,1,2,0
v2,Q57,18,0.0,0.0,0.0,0.0,1,2,0
v2,Q57,19,0.0,0.0,0.0,0.0,1,2,0
v2,Q57,20,0.0,0.0,0.0,0.0,1,2,0
v2,Q57,21,0.0,0.0,0.0,0.0,1,2,0
v2,Q57,22,0.0,0.0,0.0,0.0,1,2,0
v2,Q57,23,0.0,0.0,0.0,0.0,1,2,0
v2,Q57,24,0.0,0.0,0.0,0.0,1,2,0
v2,Q57,25,0.0,0.0,0.0,0.0,1,2,0
v2,Q58,1,0.0,0.0,0.0,0.0,0,2,0
v2,Q58,2,0.0,0.0,0.0,0.0,0,2,0
v2,Q58,3,0.0,0.0,0.0,0.0,0,2,0
v2,Q58,4,0.0,0.0,0.0,0.0,0,2,0
v2,Q58,5,0.0,0.0,0.0,0.0,0,2,0
v2,Q58,6,0.0,0.0,0.0,0.0,0,2,0
v2,Q58,7,0.0,0.0,0.0,0.0,0,2,0
v2,Q58,8,0.0,0.0,0.0,0.0,0,2,0
v2,Q58,9,0.0,0.0,0.0,0.0,0,2,0
v2,Q58,10,0.0,0.0,0.0,0.0,0,2,0
v2,Q58,11,0.0,0.0,0.0,0.0,0,2,0
v2,Q58,12,0.0,0.0,0.0,0.0,0,2,0
v2,Q58,13,0.0,0.0,0.0,0.0,0,2,0
v2,Q58,14,0.0,0.0,0.0,0.0,0,2,0
v2,Q58,15,0.0,0.0,0.0,0.0,0,2,0
v2,Q58,16,0.0,0.0,0.0,0.0,0,2,0
v2,Q58,17,0.0,0.0,0.0,0.0,0,2,0
v2,Q58,18,0.0,0.0,0.0,0.0,0,2,0
v2,Q58,19,0.0,0.0,0.0,0.0,0,2,0
v2,Q58,20,0.0,0.0,0.0,0.0,0,2,0
v2,Q58,21,0.0,0.0,0.0,0.0,0,2,0
v2,Q58,22,0.0,0.0,0.0,0.0,0,2,0
v2,Q58,23,0.0,0.0,0.0,0.0,0,2,0
v2,Q58,24,0.0,0.0,0.0,0.0,0,2,0
v2,Q58,25,0.0,0.0,0.0,0.0,0,2,0
v2,Q59,1,0.0,0.0,0.0,0.0,0,1,0
v2,Q59,2,0.0,0.0,0.0,0.0,0,1,0
v2,Q59,3,0.0,0.0,0.0,0.0,1,1,0
v2,Q59,4,0.0,0.0,0.0,0.0,0,1,0
v2,Q59,5,0.0,0.0,0.0,0.0,1,1,0
v2,Q59,6,0.0,0.0,0.0,0.0,0,1,0
v2,Q59,7,0.0,0.0,0.0,0.0,1,1,0
v2,Q59,8,0.0,0.0,0.0,0.0,1,1,0
v2,Q59,9,0.0,0.0,0.0,0.0,1,1,0
v2,Q59,10,0.0,0.0,0.0,0.0,0,1,0
v2,Q59,11,0.0,0.0,0.0,0.0,1,1,0
v2,Q59,12,0.0,0.0,0.0,0.0,1,1,0
v2,Q59,13,0.0,0.0,0.0,0.0,1,1,0
v2,Q59,14,0.0,0.0,0.0,0.0,1,1,0
v2,Q59,15,0.0,0.0,0.0,0.0,0,1,0
v2,Q59,16,0.0,0.0,0.0,0.0,1,1,0
v2,Q59,17,0.0,0.0,0.0,0.0,1,1,0
v2,Q59,18,0.0,0.0,0.0,0.0,1,1,0
v2,Q59,19,0.0,0.0,0.0,0.0,1,1,0
v2,Q59,20,0.0,0.0,0.0,0.0,1,1,0
v2,Q59,21,0.0,0.0,0.0,0.0,1,1,0
v2,Q59,22,0.0,0.0,0.0,0.0,1,1,0
v2,Q59,23,0.0,0.0,0.0,0.0,1,1,0
v2,Q59,24,0.0,0.0,0.0,0.0,1,1,0
v2,Q59,25,0.0,0.0,0.0,0.0,1,1,0
v2,Q6,1,0.0,0.0,0.0,0.0,0,1,0
v2,Q6,2,0.0,0.0,0.0,0.0,0,1,0
v2,Q6,3,0.0,0.0,0.0,0.0,0,1,0
v2,Q6,4,0.0,0.0,0.0,0.0,0,1,0
v2,Q6,5,0.0,0.0,0.0,0.0,0,1,0
v2,Q6,6,0.0,0.0,0.0,0.0,0,1,0
v2,Q6,7,0.0,0.0,0.0,0.0,0,1,0
v2,Q6,8,0.0,0.0,0.0,0.0,0,1,0
v2,Q6,9,0.0,0.0,0.0,0.0,0,1,0
v2,Q6,10,0.0,0.0,0.0,0.0,0,1,0
v2,Q6,11,0.0,0.0,0.0,0.0,0,1,0
v2,Q6,12,0.0,0.0,0.0,0.0,0,1,0
v2,Q6,13,0.0,0.0,0.0,0.0,0,1,0
v2,Q6,14,0.0,0.0,0.0,0.0,0,1,0
v2,Q6,15,0.0,0.0,0.0,0.0,0,1,0
v2,Q6,16,0.0,0.0,0.0,0.0,0,1,0
v2,Q6,17,0.0,0.0,0.0,0.0,0,1,0
v2,Q6,18,0.0,0.0,0.0,0.0,0,1,0
v2,Q6,19,0.0,0.0,0.0,0.0,0,1,0
v2,Q6,20,0.0,0.0,0.0,0.0,0,1,0
v2,Q6,21,0.0,0.0,0.0,0.0,0,1,0
v2,Q6,22,0.0,0.0,0.0,0.0,0,1,0
v2,Q6,23,0.0,0.0,0.0,0.0,0,1,0
v2,Q6,24,0.0,0.0,0.0,0.0,0,1,0
v2,Q6,25,0.0,0.0,0.0,0.0,0,1,0
v2,Q60,1,0.0,0.0,0.0,0.0,0,8,0
v2,Q60,2,0.0,0.0,0.0,0.0,0,8,0
v2,Q60,3,0.0,0.0,0.0,0.0,0,8,0
v2,Q60,4,0.0,0.0,0.0,0.0,0,8,0
v2,Q60,5,0.0,0.0,0.0,0.0,0,8,0
v2,Q60,6,0.0,0.0,0.0,0.0,0,8,0
v2,Q60,7,0.0,0.0,0.0,0.0,0,8,0
v2,Q60,8,0.0,0.0,0.0,0.0,0,8,0
v2,Q60,9,0.0,0.0,0.0,0.0,0,8,0
v2,Q60,10,0.0,0.0,0.0,0.0,0,8,0
v2,Q60,11,0.0,0.0,0.0,0.0,0,8,0
v2,Q60,12,0.0,0.0,0.0,0.0,0,8,0
v2,Q60,13,0.0,0.0,0.0,0.0,0,8,0
v2,Q60,14,0.0,0.0,0.0,0.0,0,8,0
v2,Q60,15,0.0,0.0,0.0,0.0,0,8,0
v2,Q60,16,0.0,0.0,0.0,0.0,0,8,0
v2,Q60,17,0.0,0.0,0.0,0.0,0,8,0
v2,Q60,18,0.0,0.0,0.0,0.0,0,8,0
v2,Q60,19,0.0,0.0,0.0,0.0,0,8,0
v2,Q60,20,0.0,0.0,0.0,0.0,0,8,0
v2,Q60,21,0.0,0.0,0.0,0.0,0,8,0
v2,Q60,22,0.0,0.0,0.0,0.0,0,8,0
v2,Q60,23,0.0,0.0,0.0,0.0,0,8,0
v2,Q60,24,0.0,0.0,0.0,0.0,0,8,0
v2,Q60,25,0.0,0.0,0.0,0.0,0,8,0
v2,Q61,1,0.0,0.0,0.0,0.0,1,1,0
v2,Q61,2,0.0,0.0,0.0,0.0,1,1,0
v2,Q61,3,0.0,0.0,0.0,0.0,1,1,0
v2,Q61,4,0.0,0.0,0.0,0.0,1,1,0
v2,Q61,5,0.0,0.0,0.0,0.0,1,1,0
v2,Q61,6,0.0,0.0,0.0,0.0,1,1,0
v2,Q61,7,0.0,0.0,0.0,0.0,1,1,0
v2,Q61,8,0.0,0.0,0.0,0.0,1,1,0
v2,Q61,9,0.0,0.0,0.0,0.0,1,1,0
v2,Q61,10,0.0,0.0,0.0,0.0,1,1,0
v2,Q61,11,0.0,0.0,0.0,0.0,1,1,0
v2,Q61,12,0.0,0.0,0.0,0.0,1,1,0
v2,Q61,13,0.0,0.0,0.0,0.0,1,1,0
v2,Q61,14,0.0,0.0,0.0,0.0,1,1,0
v2,Q61,15,0.0,0.0,0.0,0.0,1,1,0
v2,Q61,16,0.0,0.0,0.0,0.0,1,1,0
v2,Q61,17,0.0,0.0,0.0,0.0,1,1,0
v2,Q61,18,0.0,0.0,0.0,0.0,1,1,0
v2,Q61,19,0.0,0.0,0.0,0.0,1,1,0
v2,Q61,20,0.0,0.0,0.0,0.0,1,1,0
v2,Q61,21,0.0,0.0,0.0,0.0,1,1,0
v2,Q61,22,0.0,0.0,0.0,0.0,1,1,0
v2,Q61,23,0.0,0.0,0.0,0.0,1,1,0
v2,Q61,24,0.0,0.0,0.0,0.0,1,1,0
v2,Q61,25,0.0,0.0,0.0,0.0,1,1,0
v2,Q62,1,0.0,0.0,0.0,0.0,0,1,0
v2,Q62,2,0.0,0.0,0.0,0.0,0,1,0
v2,Q62,3,0.0,0.0,0.0,0.0,0,1,0
v2,Q62,4,0.0,0.0,0.0,0.0,0,1,0
v2,Q62,5,0.0,0.0,0.0,0.0,1,1,0
v2,Q62,6,0.0,0.0,0.0,0.0,0,1,0
v2,Q62,7,0.0,0.0,0.0,0.0,0,1,0
v2,Q62,8,0.0,0.0,0.0,0.0,0,1,0
v2,Q62,9,0.0,0.0,0.0,0.0,1,1,0
v2,Q62,10,0.0,0.0,0.0,0.0,0,1,0
v2,Q62,11,0.0,0.0,0.0,0.0,0,1,0
v2,Q62,12,0.0,0.0,0.0,0.0,0,1,0
v2,Q62,13,0.0,0.0,0.0,0.0,1,1,0
v2,Q62,14,0.0,0.0,0.0,0.0,0,1,0
v2,Q62,15,0.0,0.0,0.0,0.0,0,1,0
v2,Q62,16,0.0,0.0,0.0,0.0,0,1,0
v2,Q62,17,0.0,0.0,0.0,0.0,0,1,0
v2,Q62,18,0.0,0.0,0.0,0.0,1,1,0
v2,Q62,19,0.0,0.0,0.0,0.0,0,1,0
v2,Q62,20,0.0,0.0,0.0,0.0,0,1,0
v2,Q62,21,0.0,0.0,0.0,0.0,1,1,0
v2,Q62,22,0.0,0.0,0.0,0.0,1,1,0
v2,Q62,23,0.0,0.0,0.0,0.0,1,1,0
v2,Q62,24,0.0,0.0,0.0,0.0,0,1,0
v2,Q62,25,0.0,0.0,0.0,0.0,1,1,0
v2,Q63,1,0.0,0.0,0.0,0.0,1,1,0
v2,Q63,2,0.0,0.0,0.0,0.0,0,1,0
v2,Q63,3,0.0,0.0,0.0,0.0,0,1,0
v2,Q63,4,0.0,0.0,0.0,0.0,1,1,0
v2,Q63,5,0.0,0.0,0.0,0.0,0,1,0
v2,Q63,6,0.0,0.0,0.0,0.0,0,1,0
v2,Q63,7,0.0,0.0,0.0,0.0,1,1,0
v2,Q63,8,0.0,0.0,0.0,0.0,1,1,0
v2,Q63,9,0.0,0.0,0.0,0.0,1,1,0
v2,Q63,10,0.0,0.0,0.0,0.0,0,1,0
v2,Q63,11,0.0,0.0,0.0,0.0,1,1,0
v2,Q63,12,0.0,0.0,0.0,0.0,1,1,0
v2,Q63,13,0.0,0.0,0.0,0.0,0,1,0
v2,Q63,14,0.0,0.0,0.0,0.0,1,1,0
v2,Q63,15,0.0,0.0,0.0,0.0,0,1,0
v2,Q63,16,0.0,0.0,0.0,0.0,0,1,0
v2,Q63,17,0.0,0.0,0.0,0.0,0,1,0
v2,Q63,18,0.0,0.0,0.0,0.0,1,1,0
v2,Q63,19,0.0,0.0,0.0,0.0,1,1,0
v2,Q63,20,0.0,0.0,0.0,0.0,1,1,0
v2,Q63,21,0.0,0.0,0.0,0.0,1,1,0
v2,Q63,22,0.0,0.0,0.0,0.0,0,1,0
v2,Q63,23,0.0,0.0,0.0,0.0,0,1,0
v2,Q63,24,0.0,0.0,0.0,0.0,0,1,0
v2,Q63,25,0.0,0.0,0.0,0.0,1,1,0
v2,Q64,1,0.0,0.0,0.0,0.0,1,1,0
v2,Q64,2,0.0,0.0,0.0,0.0,1,1,0
v2,Q64,3,0.0,0.0,0.0,0.0,1,1,0
v2,Q64,4,0.0,0.0,0.0,0.0,1,1,0
v2,Q64,5,0.0,0.0,0.0,0.0,1,1,0
v2,Q64,6,0.0,0.0,0.0,0.0,1,1,0
v2,Q64,7,0.0,0.0,0.0,0.0,1,1,0
v2,Q64,8,0.0,0.0,0.0,0.0,1,1,0
v2,Q64,9,0.0,0.0,0.0,0.0,1,1,0
v2,Q64,10,0.0,0.0,0.0,0.0,1,1,0
v2,Q64,11,0.0,0.0,0.0,0.0,1,1,0
v2,Q64,12,0.0,0.0,0.0,0.0,1,1,0
v2,Q64,13,0.0,0.0,0.0,0.0,1,1,0
v2,Q64,14,0.0,0.0,0.0,0.0,1,1,0
v2,Q64,15,0.0,0.0,0.0,0.0,1,1,0
v2,Q64,16,0.0,0.0,0.0,0.0,1,1,0
v2,Q64,17,0.0,0.0,0.0,0.0,1,1,0
v2,Q64,18,0.0,0.0,0.0,0.0,1,1,0
v2,Q64,19,0.0,0.0,0.0,0.0,1,1,0
v2,Q64,20,0.0,0.0,0.0,0.0,1,1,0
v2,Q64,21,0.0,0.0,0.0,0.0,1,1,0
v2,Q64,22,0.0,0.0,0.0,0.0,1,1,0
v2,Q64,23,0.0,0.0,0.0,0.0,1,1,0
v2,Q64,24,0.0,0.0,0.0,0.0,1,1,0
v2,Q64,25,0.0,0.0,0.0,0.0,1,1,0
v2,Q65,1,0.0,0.0,0.0,0.0,0,4,0
v2,Q65,2,0.0,0.0,0.0,0.0,0,4,0
v2,Q65,3,0.0,0.0,0.0,0.0,0,4,0
v2,Q65,4,0.0,0.0,0.0,0.0,0,4,0
v2,Q65,5,0.0,0.0,0.0,0.0,0,4,0
v2,Q65,6,0.0,0.0,0.0,0.0,0,4,0
v2,Q65,7,0.0,0.0,0.0,0.0,0,4,0
v2,Q65,8,0.0,0.0,0.0,0.0,0,4,0
v2,Q65,9,0.0,0.0,0.0,0.0,0,4,0
v2,Q65,10,0.0,0.0,0.0,0.0,0,4,0
v2,Q65,11,0.0,0.0,0.0,0.0,0,4,0
v2,Q65,12,0.0,0.0,0.0,0.0,0,4,0
v2,Q65,13,0.0,0.0,0.0,0.0,0,4,0
v2,Q65,14,0.0,0.0,0.0,0.0,0,4,0
v2,Q65,15,0.0,0.0,0.0,0.0,0,4,0
v2,Q65,16,0.0,0.0,0.0,0.0,0,4,0
v2,Q65,17,0.0,0.0,0.0,0.0,0,4,0
v2,Q65,18,0.0,0.0,0.0,0.0,0,4,0
v2,Q65,19,0.0,0.0,0.0,0.0,0,4,0
v2,Q65,20,0.0,0.0,0.0,0.0,0,4,0
v2,Q65,21,0.0,0.0,0.0,0.0,0,4,0
v2,Q65,22,0.0,0.0,0.0,0.0,0,4,0
v2,Q65,23,0.0,0.0,0.0,0.0,0,4,0
v2,Q65,24,0.0,0.0,0.0,0.0,0,4,0
v2,Q65,25,0.0,0.0,0.0,0.0,0,4,0
v2,Q66,1,0.0,0.0,0.0,0.0,1,1,0
v2,Q66,2,0.0,0.0,0.0,0.0,1,1,0
v2,Q66,3,0.0,0.0,0.0,0.0,1,1,0
v2,Q66,4,0.0,0.0,0.0,0.0,1,1,0
v2,Q66,5,0.0,0.0,0.0,0.0,1,1,0
v2,Q66,6,0.0,0.0,0.0,0.0,1,1,0
v2,Q66,7,0.0,0.0,0.0,0.0,1,1,0
v2,Q66,8,0.0,0.0,0.0,0.0,1,1,0
v2,Q66,9,0.0,0.0,0.0,0.0,1,1,0
v2,Q66,10,0.0,0.0,0.0,0.0,1,1,0
v2,Q66,11,0.0,0.0,0.0,0.0,1,1,0
v2,Q66,12,0.0,0.0,0.0,0.0,1,1,0
v2,Q66,13,0.0,0.0,0.0,0.0,1,1,0
v2,Q66,14,0.0,0.0,0.0,0.0,1,1,0
v2,Q66,15,0.0,0.0,0.0,0.0,1,1,0
v2,Q66,16,0.0,0.0,0.0,0.0,1,1,0
v2,Q66,17,0.0,0.0,0.0,0.0,1,1,0
v2,Q66,18,0.0,0.0,0.0,0.0,1,1,0
v2,Q66,19,0.0,0.0,0.0,0.0,1,1,0
v2,Q66,20,0.0,0.0,0.0,0.0,1,1,0
v2,Q66,21,0.0,0.0,0.0,0.0,1,1,0
v2,Q66,22,0.0,0.0,0.0,0.0,1,1,0
v2,Q66,23,0.0,0.0,0.0,0.0,1,1,0
v2,Q66,24,0.0,0.0,0.0,0.0,1,1,0
v2,Q66,25,0.0,0.0,0.0,0.0,1,1,0
v2,Q67,1,0.0,0.0,0.0,0.0,1,1,0
v2,Q67,2,0.0,0.0,0.0,0.0,1,1,0
v2,Q67,3,0.0,0.0,0.0,0.0,1,1,0
v2,Q67,4,0.0,0.0,0.0,0.0,1,1,0
v2,Q67,5,0.0,0.0,0.0,0.0,1,1,0
v2,Q67,6,0.0,0.0,0.0,0.0,1,1,0
v2,Q67,7,0.0,0.0,0.0,0.0,1,1,0
v2,Q67,8,0.0,0.0,0.0,0.0,1,1,0
v2,Q67,9,0.0,0.0,0.0,0.0,1,1,0
v2,Q67,10,0.0,0.0,0.0,0.0,1,1,0
v2,Q67,11,0.0,0.0,0.0,0.0,1,1,0
v2,Q67,12,0.0,0.0,0.0,0.0,1,1,0
v2,Q67,13,0.0,0.0,0.0,0.0,1,1,0
v2,Q67,14,0.0,0.0,0.0,0.0,1,1,0
v2,Q67,15,0.0,0.0,0.0,0.0,1,1,0
v2,Q67,16,0.0,0.0,0.0,0.0,1,1,0
v2,Q67,17,0.0,0.0,0.0,0.0,1,1,0
v2,Q67,18,0.0,0.0,0.0,0.0,1,1,0
v2,Q67,19,0.0,0.0,0.0,0.0,1,1,0
v2,Q67,20,0.0,0.0,0.0,0.0,1,1,0
v2,Q67,21,0.0,0.0,0.0,0.0,1,1,0
v2,Q67,22,0.0,0.0,0.0,0.0,1,1,0
v2,Q67,23,0.0,0.0,0.0,0.0,1,1,0
v2,Q67,24,0.0,0.0,0.0,0.0,1,1,0
v2,Q67,25,0.0,0.0,0.0,0.0,1,1,0
v2,Q68,1,0.0,0.0,0.0,0.0,1,2,0
v2,Q68,2,0.0,0.0,0.0,0.0,1,2,0
v2,Q68,3,0.0,0.0,0.0,0.0,1,2,0
v2,Q68,4,0.0,0.0,0.0,0.0,1,2,0
v2,Q68,5,0.0,0.0,0.0,0.0,1,2,0
v2,Q68,6,0.0,0.0,0.0,0.0,1,2,0
v2,Q68,7,0.0,0.0,0.0,0.0,1,2,0
v2,Q68,8,0.0,0.0,0.0,0.0,1,2,0
v2,Q68,9,0.0,0.0,0.0,0.0,1,2,0
v2,Q68,10,0.0,0.0,0.0,0.0,1,2,0
v2,Q68,11,0.0,0.0,0.0,0.0,1,2,0
v2,Q68,12,0.0,0.0,0.0,0.0,1,2,0
v2,Q68,13,0.0,0.0,0.0,0.0,1,2,0
v2,Q68,14,0.0,0.0,0.0,0.0,1,2,0
v2,Q68,15,0.0,0.0,0.0,0.0,1,2,0
v2,Q68,16,0.0,0.0,0.0,0.0,1,2,0
v2,Q68,17,0.0,0.0,0.0,0.0,1,2,0
v2,Q68,18,0.0,0.0,0.0,0.0,1,2,0
v2,Q68,19,0.0,0.0,0.0,0.0,1,2,0
v2,Q68,20,0.0,0.0,0.0,0.0,1,2,0
v2,Q68,21,0.0,0.0,0.0,0.0,1,2,0
v2,Q68,22,0.0,0.0,0.0,0.0,1,2,0
v2,Q68,23,0.0,0.0,0.0,0.0,1,2,0
v2,Q68,24,0.0,0.0,0.0,0.0,1,2,0
v2,Q68,25,0.0,0.0,0.0,0.0,1,2,0
v2,Q69,1,0.0,0.0,0.0,0.0,1,2,0
v2,Q69,2,0.0,0.0,0.0,0.0,1,2,0
v2,Q69,3,0.0,0.0,0.0,0.0,1,2,0
v2,Q69,4,0.0,0.0,0.0,0.0,0,2,0
v2,Q69,5,0.0,0.0,0.0,0.0,1,2,0
v2,Q69,6,0.0,0.0,0.0,0.0,0,2,0
v2,Q69,7,0.0,0.0,0.0,0.0,1,2,0
v2,Q69,8,0.0,0.0,0.0,0.0,0,2,0
v2,Q69,9,0.0,0.0,0.0,0.0,1,2,0
v2,Q69,10,0.0,0.0,0.0,0.0,1,2,0
v2,Q69,11,0.0,0.0,0.0,0.0,1,2,0
v2,Q69,12,0.0,0.0,0.0,0.0,1,2,0
v2,Q69,13,0.0,0.0,0.0,0.0,1,2,0
v2,Q69,14,0.0,0.0,0.0,0.0,1,2,0
v2,Q69,15,0.0,0.0,0.0,0.0,1,2,0
v2,Q69,16,0.0,0.0,0.0,0.0,1,2,0
v2,Q69,17,0.0,0.0,0.0,0.0,1,2,0
v2,Q69,18,0.0,0.0,0.0,0.0,1,2,0
v2,Q69,19,0.0,0.0,0.0,0.0,1,2,0
v2,Q69,20,0.0,0.0,0.0,0.0,1,2,0
v2,Q69,21,0.0,0.0,0.0,0.0,1,2,0
v2,Q69,22,0.0,0.0,0.0,0.0,1,2,0
v2,Q69,23,0.0,0.0,0.0,0.0,1,2,0
v2,Q69,24,0.0,0.0,0.0,0.0,1,2,0
v2,Q69,25,0.0,0.0,0.0,0.0,1,2,0
v2,Q7,1,0.0,0.0,0.0,0.0,1,1,0
v2,Q7,2,0.0,0.0,0.0,0.0,1,1,0
v2,Q7,3,0.0,0.0,0.0,0.0,1,1,0
v2,Q7,4,0.0,0.0,0.0,0.0,1,1,0
v2,Q7,5,0.0,0.0,0.0,0.0,1,1,0
v2,Q7,6,0.0,0.0,0.0,0.0,1,1,0
v2,Q7,7,0.0,0.0,0.0,0.0,1,1,0
v2,Q7,8,0.0,0.0,0.0,0.0,1,1,0
v2,Q7,9,0.0,0.0,0.0,0.0,1,1,0
v2,Q7,10,0.0,0.0,0.0,0.0,1,1,0
v2,Q7,11,0.0,0.0,0.0,0.0,1,1,0
v2,Q7,12,0.0,0.0,0.0,0.0,1,1,0
v2,Q7,13,0.0,0.0,0.0,0.0,1,1,0
v2,Q7,14,0.0,0.0,0.0,0.0,1,1,0
v2,Q7,15,0.0,0.0,0.0,0.0,1,1,0
v2,Q7,16,0.0,0.0,0.0,0.0,1,1,0
v2,Q7,17,0.0,0.0,0.0,0.0,1,1,0
v2,Q7,18,0.0,0.0,0.0,0.0,1,1,0
v2,Q7,19,0.0,0.0,0.0,0.0,1,1,0
v2,Q7,20,0.0,0.0,0.0,0.0,1,1,0
v2,Q7,21,0.0,0.0,0.0,0.0,1,1,0
v2,Q7,22,0.0,0.0,0.0,0.0,1,1,0
v2,Q7,23,0.0,0.0,0.0,0.0,1,1,0
v2,Q7,24,0.0,0.0,0.0,0.0,1,1,0
v2,Q7,25,0.0,0.0,0.0,0.0,1,1,0
v2,Q70,1,0.0,0.0,0.0,0.0,1,1,0
v2,Q70,2,0.0,0.0,0.0,0.0,1,1,0
v2,Q70,3,0.0,0.0,0.0,0.0,1,1,0
v2,Q70,4,0.0,0.0,0.0,0.0,1,1,0
v2,Q70,5,0.0,0.0,0.0,0.0,1,1,0
v2,Q70,6,0.0,0.0,0.0,0.0,1,1,0
v2,Q70,7,0.0,0.0,0.0,0.0,1,1,0
v2,Q70,8,0.0,0.0,0.0,0.0,1,1,0
v2,Q70,9,0.0,0.0,0.0,0.0,1,1,0
v2,Q70,10,0.0,0.0,0.0,0.0,1,1,0
v2,Q70,11,0.0,0.0,0.0,0.0,1,1,0
v2,Q70,12,0.0,0.0,0.0,0.0,1,1,0
v2,Q70,13,0.0,0.0,0.0,0.0,1,1,0
v2,Q70,14,0.0,0.0,0.0,0.0,1,1,0
v2,Q70,15,0.0,0.0,0.0,0.0,1,1,0
v2,Q70,16,0.0,0.0,0.0,0.0,1,1,0
v2,Q70,17,0.0,0.0,0.0,0.0,1,1,0
v2,Q70,18,0.0,0.0,0.0,0.0,1,1,0
v2,Q70,19,0.0,0.0,0.0,0.0,1,1,0
v2,Q70,20,0.0,0.0,0.0,0.0,1,1,0
v2,Q70,21,0.0,0.0,0.0,0.0,1,1,0
v2,Q70,22,0.0,0.0,0.0,0.0,1,1,0
v2,Q70,23,0.0,0.0,0.0,0.0,1,1,0
v2,Q70,24,0.0,0.0,0.0,0.0,1,1,0
v2,Q70,25,0.0,0.0,0.0,0.0,1,1,0
v2,Q71,1,0.0,0.0,0.0,0.0,1,2,0
v2,Q71,2,0.0,0.0,0.0,0.0,1,2,0
v2,Q71,3,0.0,0.0,0.0,0.0,1,2,0
v2,Q71,4,0.0,0.0,0.0,0.0,1,2,0
v2,Q71,5,0.0,0.0,0.0,0.0,1,2,0
v2,Q71,6,0.0,0.0,0.0,0.0,1,2,0
v2,Q71,7,0.0,0.0,0.0,0.0,1,2,0
v2,Q71,8,0.0,0.0,0.0,0.0,1,2,0
v2,Q71,9,0.0,0.0,0.0,0.0,1,2,0
v2,Q71,10,0.0,0.0,0.0,0.0,1,2,0
v2,Q71,11,0.0,0.0,0.0,0.0,1,2,0
v2,Q71,12,0.0,0.0,0.0,0.0,1,2,0
v2,Q71,13,0.0,0.0,0.0,0.0,1,2,0
v2,Q71,14,0.0,0.0,0.0,0.0,1,2,0
v2,Q71,15,0.0,0.0,0.0,0.0,1,2,0
v2,Q71,16,0.0,0.0,0.0,0.0,1,2,0
v2,Q71,17,0.0,0.0,0.0,0.0,1,2,0
v2,Q71,18,0.0,0.0,0.0,0.0,1,2,0
v2,Q71,19,0.0,0.0,0.0,0.0,1,2,0
v2,Q71,20,0.0,0.0,0.0,0.0,1,2,0
v2,Q71,21,0.0,0.0,0.0,0.0,1,2,0
v2,Q71,22,0.0,0.0,0.0,0.0,1,2,0
v2,Q71,23,0.0,0.0,0.0,0.0,1,2,0
v2,Q71,24,0.0,0.0,0.0,0.0,1,2,0
v2,Q71,25,0.0,0.0,0.0,0.0,1,2,0
v2,Q72,1,0.0,0.0,0.0,0.0,1,1,0
v2,Q72,2,0.0,0.0,0.0,0.0,1,1,0
v2,Q72,3,0.0,0.0,0.0,0.0,1,1,0
v2,Q72,4,0.0,0.0,0.0,0.0,1,1,0
v2,Q72,5,0.0,0.0,0.0,0.0,1,1,0
v2,Q72,6,0.0,0.0,0.0,0.0,1,1,0
v2,Q72,7,0.0,0.0,0.0,0.0,1,1,0
v2,Q72,8,0.0,0.0,0.0,0.0,1,1,0
v2,Q72,9,0.0,0.0,0.0,0.0,1,1,0
v2,Q72,10,0.0,0.0,0.0,0.0,1,1,0
v2,Q72,11,0.0,0.0,0.0,0.0,1,1,0
v2,Q72,12,0.0,0.0,0.0,0.0,1,1,0
v2,Q72,13,0.0,0.0,0.0,0.0,1,1,0
v2,Q72,14,0.0,0.0,0.0,0.0,1,1,0
v2,Q72,15,0.0,0.0,0.0,0.0,1,1,0
v2,Q72,16,0.0,0.0,0.0,0.0,1,1,0
v2,Q72,17,0.0,0.0,0.0,0.0,1,1,0
v2,Q72,18,0.0,0.0,0.0,0.0,1,1,0
v2,Q72,19,0.0,0.0,0.0,0.0,1,1,0
v2,Q72,20,0.0,0.0,0.0,0.0,1,1,0
v2,Q72,21,0.0,0.0,0.0,0.0,1,1,0
v2,Q72,22,0.0,0.0,0.0,0.0,1,1,0
v2,Q72,23,0.0,0.0,0.0,0.0,1,1,0
v2,Q72,24,0.0,0.0,0.0,0.0,1,1,0
v2,Q72,25,0.0,0.0,0.0,0.0,1,1,0
v2,Q73,1,0.0,0.0,0.0,0.0,0,10,0
v2,Q73,2,0.0,0.0,0.0,0.0,0,10,0
v2,Q73,3,0.0,0.0,0.0,0.0,0,10,0
v2,Q73,4,0.0,0.0,0.0,0.0,0,10,0
v2,Q73,5,0.0,0.0,0.0,0.0,0,10,0
v2,Q73,6,0.0,0.0,0.0,0.0,0,10,0
v2,Q73,7,0.0,0.0,0.0,0.0,0,10,0
v2,Q73,8,0.0,0.0,0.0,0.0,0,10,0
v2,Q73,9,0.0,0.0,0.0,0.0,0,10,0
v2,Q73,10,0.0,0.0,0.0,0.0,0,10,0
v2,Q73,11,0.0,0.0,0.0,0.0,0,10,0
v2,Q73,12,0.0,0.0,0.0,0.0,0,10,0
v2,Q73,13,0.0,0.0,0.0,0.0,0,10,0
v2,Q73,14,0.0,0.0,0.0,0.0,0,10,0
v2,Q73,15,0.0,0.0,0.0,0.0,0,10,0
v2,Q73,16,0.0,0.0,0.0,0.0,0,10,0
v2,Q73,17,0.0,0.0,0.0,0.0,0,10,0
v2,Q73,18,0.0,0.0,0.0,0.0,0,10,0
v2,Q73,19,0.0,0.0,0.0,0.0,0,10,0
v2,Q73,20,0.0,0.0,0.0,0.0,0,10,0
v2,Q73,21,0.0,0.0,0.0,0.0,0,10,0
v2,Q73,22,0.0,0.0,0.0,0.0,0,10,0
v2,Q73,23,0.0,0.0,0.0,0.0,0,10,0
v2,Q73,24,0.0,0.0,0.0,0.0,0,10,0
v2,Q73,25,0.0,0.0,0.0,0.0,0,10,0
v2,Q74,1,0.0,0.0,0.0,0.0,1,4,0
v2,Q74,2,0.0,0.0,0.0,0.0,1,4,0
v2,Q74,3,0.0,0.0,0.0,0.0,1,4,0
v2,Q74,4,0.0,0.0,0.0,0.0,1,4,0
v2,Q74,5,0.0,0.0,0.0,0.0,1,4,0
v2,Q74,6,0.0,0.0,0.0,0.0,1,4,0
v2,Q74,7,0.0,0.0,0.0,0.0,1,4,0
v2,Q74,8,0.0,0.0,0.0,0.0,1,4,0
v2,Q74,9,0.0,0.0,0.0,0.0,1,4,0
v2,Q74,10,0.0,0.0,0.0,0.0,1,4,0
v2,Q74,11,0.0,0.0,0.0,0.0,1,4,0
v2,Q74,12,0.0,0.0,0.0,0.0,1,4,0
v2,Q74,13,0.0,0.0,0.0,0.0,1,4,0
v2,Q74,14,0.0,0.0,0.0,0.0,1,4,0
v2,Q74,15,0.0,0.0,0.0,0.0,1,4,0
v2,Q74,16,0.0,0.0,0.0,0.0,1,4,0
v2,Q74,17,0.0,0.0,0.0,0.0,1,4,0
v2,Q74,18,0.0,0.0,0.0,0.0,0,4,0
v2,Q74,19,0.0,0.0,0.0,0.0,1,4,0
v2,Q74,20,0.0,0.0,0.0,0.0,1,4,0
v2,Q74,21,0.0,0.0,0.0,0.0,1,4,0
v2,Q74,22,0.0,0.0,0.0,0.0,1,4,0
v2,Q74,23,0.0,0.0,0.0,0.0,1,4,0
v2,Q74,24,0.0,0.0,0.0,0.0,1,4,0
v2,Q74,25,0.0,0.0,0.0,0.0,1,4,0
v2,Q75,1,0.0,0.0,0.0,0.0,1,3,0
v2,Q75,2,0.0,0.0,0.0,0.0,1,3,0
v2,Q75,3,0.0,0.0,0.0,0.0,1,3,0
v2,Q75,4,0.0,0.0,0.0,0.0,1,3,0
v2,Q75,5,0.0,0.0,0.0,0.0,1,3,0
v2,Q75,6,0.0,0.0,0.0,0.0,1,3,0
v2,Q75,7,0.0,0.0,0.0,0.0,1,3,0
v2,Q75,8,0.0,0.0,0.0,0.0,1,3,0
v2,Q75,9,0.0,0.0,0.0,0.0,1,3,0
v2,Q75,10,0.0,0.0,0.0,0.0,1,3,0
v2,Q75,11,0.0,0.0,0.0,0.0,1,3,0
v2,Q75,12,0.0,0.0,0.0,0.0,1,3,0
v2,Q75,13,0.0,0.0,0.0,0.0,1,3,0
v2,Q75,14,0.0,0.0,0.0,0.0,1,3,0
v2,Q75,15,0.0,0.0,0.0,0.0,1,3,0
v2,Q75,16,0.0,0.0,0.0,0.0,1,3,0
v2,Q75,17,0.0,0.0,0.0,0.0,1,3,0
v2,Q75,18,0.0,0.0,0.0,0.0,1,3,0
v2,Q75,19,0.0,0.0,0.0,0.0,1,3,0
v2,Q75,20,0.0,0.0,0.0,0.0,1,3,0
v2,Q75,21,0.0,0.0,0.0,0.0,1,3,0
v2,Q75,22,0.0,0.0,0.0,0.0,1,3,0
v2,Q75,23,0.0,0.0,0.0,0.0,1,3,0
v2,Q75,24,0.0,0.0,0.0,0.0,1,3,0
v2,Q75,25,0.0,0.0,0.0,0.0,1,3,0
v2,Q76,1,0.0,0.0,0.0,0.0,1,2,0
v2,Q76,2,0.0,0.0,0.0,0.0,1,2,0
v2,Q76,3,0.0,0.0,0.0,0.0,1,2,0
v2,Q76,4,0.0,0.0,0.0,0.0,1,2,0
v2,Q76,5,0.0,0.0,0.0,0.0,1,2,0
v2,Q76,6,0.0,0.0,0.0,0.0,1,2,0
v2,Q76,7,0.0,0.0,0.0,0.0,1,2,0
v2,Q76,8,0.0,0.0,0.0,0.0,1,2,0
v2,Q76,9,0.0,0.0,0.0,0.0,1,2,0
v2,Q76,10,0.0,0.0,0.0,0.0,1,2,0
v2,Q76,11,0.0,0.0,0.0,0.0,1,2,0
v2,Q76,12,0.0,0.0,0.0,0.0,1,2,0
v2,Q76,13,0.0,0.0,0.0,0.0,1,2,0
v2,Q76,14,0.0,0.0,0.0,0.0,1,2,0
v2,Q76,15,0.0,0.0,0.0,0.0,1,2,0
v2,Q76,16,0.0,0.0,0.0,0.0,1,2,0
v2,Q76,17,0.0,0.0,0.0,0.0,1,2,0
v2,Q76,18,0.0,0.0,0.0,0.0,1,2,0
v2,Q76,19,0.0,0.0,0.0,0.0,1,2,0
v2,Q76,20,0.0,0.0,0.0,0.0,1,2,0
v2,Q76,21,0.0,0.0,0.0,0.0,1,2,0
v2,Q76,22,0.0,0.0,0.0,0.0,1,2,0
v2,Q76,23,0.0,0.0,0.0,0.0,1,2,0
v2,Q76,24,0.0,0.0,0.0,0.0,1,2,0
v2,Q76,25,0.0,0.0,0.0,0.0,1,2,0
v2,Q77,1,0.0,0.0,0.0,0.0,1,5,0
v2,Q77,2,0.0,0.0,0.0,0.0,1,5,0
v2,Q77,3,0.0,0.0,0.0,0.0,1,5,0
v2,Q77,4,0.0,0.0,0.0,0.0,1,5,0
v2,Q77,5,0.0,0.0,0.0,0.0,1,5,0
v2,Q77,6,0.0,0.0,0.0,0.0,1,5,0
v2,Q77,7,0.0,0.0,0.0,0.0,1,5,0
v2,Q77,8,0.0,0.0,0.0,0.0,1,5,0
v2,Q77,9,0.0,0.0,0.0,0.0,1,5,0
v2,Q77,10,0.0,0.0,0.0,0.0,1,5,0
v2,Q77,11,0.0,0.0,0.0,0.0,1,5,0
v2,Q77,12,0.0,0.0,0.0,0.0,1,5,0
v2,Q77,13,0.0,0.0,0.0,0.0,1,5,0
v2,Q77,14,0.0,0.0,0.0,0.0,1,5,0
v2,Q77,15,0.0,0.0,0.0,0.0,1,5,0
v2,Q77,16,0.0,0.0,0.0,0.0,1,5,0
v2,Q77,17,0.0,0.0,0.0,0.0,1,5,0
v2,Q77,18,0.0,0.0,0.0,0.0,1,5,0
v2,Q77,19,0.0,0.0,0.0,0.0,1,5,0
v2,Q77,20,0.0,0.0,0.0,0.0,1,5,0
v2,Q77,21,0.0,0.0,0.0,0.0,1,5,0
v2,Q77,22,0.0,0.0,0.0,0.0,1,5,0
v2,Q77,23,0.0,0.0,0.0,0.0,1,5,0
v2,Q77,24,0.0,0.0,0.0,0.0,1,5,0
v2,Q77,25,0.0,0.0,0.0,0.0,1,5,0
v2,Q78,1,0.0,0.0,0.0,0.0,1,2,0
v2,Q78,2,0.0,0.0,0.0,0.0,1,2,0
v2,Q78,3,0.0,0.0,0.0,0.0,1,2,0
v2,Q78,4,0.0,0.0,0.0,0.0,1,2,0
v2,Q78,5,0.0,0.0,0.0,0.0,1,2,0
v2,Q78,6,0.0,0.0,0.0,0.0,1,2,0
v2,Q78,7,0.0,0.0,0.0,0.0,1,2,0
v2,Q78,8,0.0,0.0,0.0,0.0,1,2,0
v2,Q78,9,0.0,0.0,0.0,0.0,1,2,0
v2,Q78,10,0.0,0.0,0.0,0.0,1,2,0
v2,Q78,11,0.0,0.0,0.0,0.0,1,2,0
v2,Q78,12,0.0,0.0,0.0,0.0,1,2,0
v2,Q78,13,0.0,0.0,0.0,0.0,1,2,0
v2,Q78,14,0.0,0.0,0.0,0.0,1,2,0
v2,Q78,15,0.0,0.0,0.0,0.0,1,2,0
v2,Q78,16,0.0,0.0,0.0,0.0,1,2,0
v2,Q78,17,0.0,0.0,0.0,0.0,1,2,0
v2,Q78,18,0.0,0.0,0.0,0.0,1,2,0
v2,Q78,19,0.0,0.0,0.0,0.0,1,2,0
v2,Q78,20,0.0,0.0,0.0,0.0,1,2,0
v2,Q78,21,0.0,0.0,0.0,0.0,1,2,0
v2,Q78,22,0.0,0.0,0.0,0.0,1,2,0
v2,Q78,23,0.0,0.0,0.0,0.0,1,2,0
v2,Q78,24,0.0,0.0,0.0,0.0,1,2,0
v2,Q78,25,0.0,0.0,0.0,0.0,1,2,0
v2,Q79,1,0.0,0.0,0.0,0.0,1,3,0
v2,Q79,2,0.0,0.0,0.0,0.0,1,3,0
v2,Q79,3,0.0,0.0,0.0,0.0,1,3,0
v2,Q79,4,0.0,0.0,0.0,0.0,1,3,0
v2,Q79,5,0.0,0.0,0.0,0.0,1,3,0
v2,Q79,6,0.0,0.0,0.0,0.0,1,3,0
v2,Q79,7,0.0,0.0,0.0,0.0,1,3,0
v2,Q79,8,0.0,0.0,0.0,0.0,1,3,0
v2,Q79,9,0.0,0.0,0.0,0.0,1,3,0
v2,Q79,10,0.0,0.0,0.0,0.0,1,3,0
v2,Q79,11,0.0,0.0,0.0,0.0,1,3,0
v2,Q79,12,0.0,0.0,0.0,0.0,1,3,0
v2,Q79,13,0.0,0.0,0.0,0.0,1,3,0
v2,Q79,14,0.0,0.0,0.0,0.0,1,3,0
v2,Q79,15,0.0,0.0,0.0,0.0,1,3,0
v2,Q79,16,0.0,0.0,0.0,0.0,1,3,0
v2,Q79,17,0.0,0.0,0.0,0.0,1,3,0
v2,Q79,18,0.0,0.0,0.0,0.0,1,3,0
v2,Q79,19,0.0,0.0,0.0,0.0,1,3,0
v2,Q79,20,0.0,0.0,0.0,0.0,1,3,0
v2,Q79,21,0.0,0.0,0.0,0.0,1,3,0
v2,Q79,22,0.0,0.0,0.0,0.0,1,3,0
v2,Q79,23,0.0,0.0,0.0,0.0,1,3,0
v2,Q79,24,0.0,0.0,0.0,0.0,1,3,0
v2,Q79,25,0.0,0.0,0.0,0.0,1,3,0
v2,Q8,1,0.0,0.0,0.0,0.0,1,5,0
v2,Q8,2,0.0,0.0,0.0,0.0,1,5,0
v2,Q8,3,0.0,0.0,0.0,0.0,1,5,0
v2,Q8,4,0.0,0.0,0.0,0.0,1,5,0
v2,Q8,5,0.0,0.0,0.0,0.0,1,5,0
v2,Q8,6,0.0,0.0,0.0,0.0,1,5,0
v2,Q8,7,0.0,0.0,0.0,0.0,1,5,0
v2,Q8,8,0.0,0.0,0.0,0.0,1,5,0
v2,Q8,9,0.0,0.0,0.0,0.0,1,5,0
v2,Q8,10,0.0,0.0,0.0,0.0,1,5,0
v2,Q8,11,0.0,0.0,0.0,0.0,1,5,0
v2,Q8,12,0.0,0.0,0.0,0.0,1,5,0
v2,Q8,13,0.0,0.0,0.0,0.0,1,5,0
v2,Q8,14,0.0,0.0,0.0,0.0,1,5,0
v2,Q8,15,0.0,0.0,0.0,0.0,1,5,0
v2,Q8,16,0.0,0.0,0.0,0.0,1,5,0
v2,Q8,17,0.0,0.0,0.0,0.0,1,5,0
v2,Q8,18,0.0,0.0,0.0,0.0,1,5,0
v2,Q8,19,0.0,0.0,0.0,0.0,1,5,0
v2,Q8,20,0.0,0.0,0.0,0.0,1,5,0
v2,Q8,21,0.0,0.0,0.0,0.0,1,5,0
v2,Q8,22,0.0,0.0,0.0,0.0,1,5,0
v2,Q8,23,0.0,0.0,0.0,0.0,1,5,0
v2,Q8,24,0.0,0.0,0.0,0.0,1,5,0
v2,Q8,25,0.0,0.0,0.0,0.0,1,5,0
v2,Q80,1,0.0,0.0,0.0,0.0,1,2,0
v2,Q80,2,0.0,0.0,0.0,0.0,1,2,0
v2,Q80,3,0.0,0.0,0.0,0.0,1,2,0
v2,Q80,4,0.0,0.0,0.0,0.0,1,2,0
v2,Q80,5,0.0,0.0,0.0,0.0,1,2,0
v2,Q80,6,0.0,0.0,0.0,0.0,1,2,0
v2,Q80,7,0.0,0.0,0.0,0.0,1,2,0
v2,Q80,8,0.0,0.0,0.0,0.0,1,2,0
v2,Q80,9,0.0,0.0,0.0,0.0,1,2,0
v2,Q80,10,0.0,0.0,0.0,0.0,1,2,0
v2,Q80,11,0.0,0.0,0.0,0.0,1,2,0
v2,Q80,12,0.0,0.0,0.0,0.0,1,2,0
v2,Q80,13,0.0,0.0,0.0,0.0,1,2,0
v2,Q80,14,0.0,0.0,0.0,0.0,1,2,0
v2,Q80,15,0.0,0.0,0.0,0.0,1,2,0
v2,Q80,16,0.0,0.0,0.0,0.0,1,2,0
v2,Q80,17,0.0,0.0,0.0,0.0,1,2,0
v2,Q80,18,0.0,0.0,0.0,0.0,1,2,0
v2,Q80,19,0.0,0.0,0.0,0.0,1,2,0
v2,Q80,20,0.0,0.0,0.0,0.0,1,2,0
v2,Q80,21,0.0,0.0,0.0,0.0,1,2,0
v2,Q80,22,0.0,0.0,0.0,0.0,1,2,0
v2,Q80,23,0.0,0.0,0.0,0.0,1,2,0
v2,Q80,24,0.0,0.0,0.0,0.0,1,2,0
v2,Q80,25,0.0,0.0,0.0,0.0,1,2,0
v2,Q81,1,0.0,0.0,0.0,0.0,1,2,0
v2,Q81,2,0.0,0.0,0.0,0.0,1,2,0
v2,Q81,3,0.0,0.0,0.0,0.0,1,2,0
v2,Q81,4,0.0,0.0,0.0,0.0,1,2,0
v2,Q81,5,0.0,0.0,0.0,0.0,1,2,0
v2,Q81,6,0.0,0.0,0.0,0.0,1,2,0
v2,Q81,7,0.0,0.0,0.0,0.0,1,2,0
v2,Q81,8,0.0,0.0,0.0,0.0,1,2,0
v2,Q81,9,0.0,0.0,0.0,0.0,1,2,0
v2,Q81,10,0.0,0.0,0.0,0.0,1,2,0
v2,Q81,11,0.0,0.0,0.0,0.0,1,2,0
v2,Q81,12,0.0,0.0,0.0,0.0,1,2,0
v2,Q81,13,0.0,0.0,0.0,0.0,1,2,0
v2,Q81,14,0.0,0.0,0.0,0.0,1,2,0
v2,Q81,15,0.0,0.0,0.0,0.0,1,2,0
v2,Q81,16,0.0,0.0,0.0,0.0,1,2,0
v2,Q81,17,0.0,0.0,0.0,0.0,1,2,0
v2,Q81,18,0.0,0.0,0.0,0.0,1,2,0
v2,Q81,19,0.0,0.0,0.0,0.0,1,2,0
v2,Q81,20,0.0,0.0,0.0,0.0,1,2,0
v2,Q81,21,0.0,0.0,0.0,0.0,1,2,0
v2,Q81,22,0.0,0.0,0.0,0.0,1,2,0
v2,Q81,23,0.0,0.0,0.0,0.0,1,2,0
v2,Q81,24,0.0,0.0,0.0,0.0,1,2,0
v2,Q81,25,0.0,0.0,0.0,0.0,1,2,0
v2,Q82,1,0.0,0.0,0.0,0.0,1,3,0
v2,Q82,2,0.0,0.0,0.0,0.0,1,3,0
v2,Q82,3,0.0,0.0,0.0,0.0,1,3,0
v2,Q82,4,0.0,0.0,0.0,0.0,1,3,0
v2,Q82,5,0.0,0.0,0.0,0.0,1,3,0
v2,Q82,6,0.0,0.0,0.0,0.0,1,3,0
v2,Q82,7,0.0,0.0,0.0,0.0,1,3,0
v2,Q82,8,0.0,0.0,0.0,0.0,1,3,0
v2,Q82,9,0.0,0.0,0.0,0.0,1,3,0
v2,Q82,10,0.0,0.0,0.0,0.0,1,3,0
v2,Q82,11,0.0,0.0,0.0,0.0,1,3,0
v2,Q82,12,0.0,0.0,0.0,0.0,1,3,0
v2,Q82,13,0.0,0.0,0.0,0.0,1,3,0
v2,Q82,14,0.0,0.0,0.0,0.0,1,3,0
v2,Q82,15,0.0,0.0,0.0,0.0,1,3,0
v2,Q82,16,0.0,0.0,0.0,0.0,1,3,0
v2,Q82,17,0.0,0.0,0.0,0.0,1,3,0
v2,Q82,18,0.0,0.0,0.0,0.0,1,3,0
v2,Q82,19,0.0,0.0,0.0,0.0,1,3,0
v2,Q82,20,0.0,0.0,0.0,0.0,1,3,0
v2,Q82,21,0.0,0.0,0.0,0.0,1,3,0
v2,Q82,22,0.0,0.0,0.0,0.0,1,3,0
v2,Q82,23,0.0,0.0,0.0,0.0,1,3,0
v2,Q82,24,0.0,0.0,0.0,0.0,1,3,0
v2,Q82,25,0.0,0.0,0.0,0.0,1,3,0
v2,Q83,1,0.0,0.0,0.0,0.0,1,3,0
v2,Q83,2,0.0,0.0,0.0,0.0,1,3,0
v2,Q83,3,0.0,0.0,0.0,0.0,1,3,0
v2,Q83,4,0.0,0.0,0.0,0.0,1,3,0
v2,Q83,5,0.0,0.0,0.0,0.0,1,3,0
v2,Q83,6,0.0,0.0,0.0,0.0,1,3,0
v2,Q83,7,0.0,0.0,0.0,0.0,1,3,0
v2,Q83,8,0.0,0.0,0.0,0.0,1,3,0
v2,Q83,9,0.0,0.0,0.0,0.0,1,3,0
v2,Q83,10,0.0,0.0,0.0,0.0,1,3,0
v2,Q83,11,0.0,0.0,0.0,0.0,1,3,0
v2,Q83,12,0.0,0.0,0.0,0.0,1,3,0
v2,Q83,13,0.0,0.0,0.0,0.0,1,3,0
v2,Q83,14,0.0,0.0,0.0,0.0,1,3,0
v2,Q83,15,0.0,0.0,0.0,0.0,1,3,0
v2,Q83,16,0.0,0.0,0.0,0.0,1,3,0
v2,Q83,17,0.0,0.0,0.0,0.0,1,3,0
v2,Q83,18,0.0,0.0,0.0,0.0,1,3,0
v2,Q83,19,0.0,0.0,0.0,0.0,1,3,0
v2,Q83,20,0.0,0.0,0.0,0.0,1,3,0
v2,Q83,21,0.0,0.0,0.0,0.0,1,3,0
v2,Q83,22,0.0,0.0,0.0,0.0,1,3,0
v2,Q83,23,0.0,0.0,0.0,0.0,1,3,0
v2,Q83,24,0.0,0.0,0.0,0.0,1,3,0
v2,Q83,25,0.0,0.0,0.0,0.0,1,3,0
v2,Q84,1,0.0,0.0,0.0,0.0,1,1,0
v2,Q84,2,0.0,0.0,0.0,0.0,1,1,0
v2,Q84,3,0.0,0.0,0.0,0.0,1,1,0
v2,Q84,4,0.0,0.0,0.0,0.0,1,1,0
v2,Q84,5,0.0,0.0,0.0,0.0,1,1,0
v2,Q84,6,0.0,0.0,0.0,0.0,1,1,0
v2,Q84,7,0.0,0.0,0.0,0.0,1,1,0
v2,Q84,8,0.0,0.0,0.0,0.0,1,1,0
v2,Q84,9,0.0,0.0,0.0,0.0,1,1,0
v2,Q84,10,0.0,0.0,0.0,0.0,1,1,0
v2,Q84,11,0.0,0.0,0.0,0.0,1,1,0
v2,Q84,12,0.0,0.0,0.0,0.0,1,1,0
v2,Q84,13,0.0,0.0,0.0,0.0,1,1,0
v2,Q84,14,0.0,0.0,0.0,0.0,1,1,0
v2,Q84,15,0.0,0.0,0.0,0.0,1,1,0
v2,Q84,16,0.0,0.0,0.0,0.0,1,1,0
v2,Q84,17,0.0,0.0,0.0,0.0,1,1,0
v2,Q84,18,0.0,0.0,0.0,0.0,1,1,0
v2,Q84,19,0.0,0.0,0.0,0.0,1,1,0
v2,Q84,20,0.0,0.0,0.0,0.0,1,1,0
v2,Q84,21,0.0,0.0,0.0,0.0,1,1,0
v2,Q84,22,0.0,0.0,0.0,0.0,1,1,0
v2,Q84,23,0.0,0.0,0.0,0.0,1,1,0
v2,Q84,24,0.0,0.0,0.0,0.0,1,1,0
v2,Q84,25,0.0,0.0,0.0,0.0,1,1,0
v2,Q85,1,0.0,0.0,0.0,0.0,1,1,0
v2,Q85,2,0.0,0.0,0.0,0.0,1,1,0
v2,Q85,3,0.0,0.0,0.0,0.0,1,1,0
v2,Q85,4,0.0,0.0,0.0,0.0,1,1,0
v2,Q85,5,0.0,0.0,0.0,0.0,1,1,0
v2,Q85,6,0.0,0.0,0.0,0.0,1,1,0
v2,Q85,7,0.0,0.0,0.0,0.0,1,1,0
v2,Q85,8,0.0,0.0,0.0,0.0,1,1,0
v2,Q85,9,0.0,0.0,0.0,0.0,1,1,0
v2,Q85,10,0.0,0.0,0.0,0.0,1,1,0
v2,Q85,11,0.0,0.0,0.0,0.0,1,1,0
v2,Q85,12,0.0,0.0,0.0,0.0,1,1,0
v2,Q85,13,0.0,0.0,0.0,0.0,1,1,0
v2,Q85,14,0.0,0.0,0.0,0.0,1,1,0
v2,Q85,15,0.0,0.0,0.0,0.0,1,1,0
v2,Q85,16,0.0,0.0,0.0,0.0,1,1,0
v2,Q85,17,0.0,0.0,0.0,0.0,1,1,0
v2,Q85,18,0.0,0.0,0.0,0.0,1,1,0
v2,Q85,19,0.0,0.0,0.0,0.0,1,1,0
v2,Q85,20,0.0,0.0,0.0,0.0,1,1,0
v2,Q85,21,0.0,0.0,0.0,0.0,1,1,0
v2,Q85,22,0.0,0.0,0.0,0.0,1,1,0
v2,Q85,23,0.0,0.0,0.0,0.0,1,1,0
v2,Q85,24,0.0,0.0,0.0,0.0,1,1,0
v2,Q85,25,0.0,0.0,0.0,0.0,1,1,0
v2,Q86,1,0.0,0.0,0.0,0.0,0,1,0
v2,Q86,2,0.0,0.0,0.0,0.0,0,1,0
v2,Q86,3,0.0,0.0,0.0,0.0,0,1,0
v2,Q86,4,0.0,0.0,0.0,0.0,0,1,0
v2,Q86,5,0.0,0.0,0.0,0.0,0,1,0
v2,Q86,6,0.0,0.0,0.0,0.0,0,1,0
v2,Q86,7,0.0,0.0,0.0,0.0,0,1,0
v2,Q86,8,0.0,0.0,0.0,0.0,0,1,0
v2,Q86,9,0.0,0.0,0.0,0.0,0,1,0
v2,Q86,10,0.0,0.0,0.0,0.0,0,1,0
v2,Q86,11,0.0,0.0,0.0,0.0,0,1,0
v2,Q86,12,0.0,0.0,0.0,0.0,0,1,0
v2,Q86,13,0.0,0.0,0.0,0.0,0,1,0
v2,Q86,14,0.0,0.0,0.0,0.0,0,1,0
v2,Q86,15,0.0,0.0,0.0,0.0,0,1,0
v2,Q86,16,0.0,0.0,0.0,0.0,0,1,0
v2,Q86,17,0.0,0.0,0.0,0.0,0,1,0
v2,Q86,18,0.0,0.0,0.0,0.0,1,1,0
v2,Q86,19,0.0,0.0,0.0,0.0,1,1,0
v2,Q86,20,0.0,0.0,0.0,0.0,1,1,0
v2,Q86,21,0.0,0.0,0.0,0.0,1,1,0
v2,Q86,22,0.0,0.0,0.0,0.0,1,1,0
v2,Q86,23,0.0,0.0,0.0,0.0,0,1,0
v2,Q86,24,0.0,0.0,0.0,0.0,0,1,0
v2,Q86,25,0.0,0.0,0.0,0.0,0,1,0
v2,Q87,1,0.0,0.0,0.0,0.0,1,5,0
v2,Q87,2,0.0,0.0,0.0,0.0,1,5,0
v2,Q87,3,0.0,0.0,0.0,0.0,1,5,0
v2,Q87,4,0.0,0.0,0.0,0.0,1,5,0
v2,Q87,5,0.0,0.0,0.0,0.0,1,5,0
v2,Q87,6,0.0,0.0,0.0,0.0,1,5,0
v2,Q87,7,0.0,0.0,0.0,0.0,1,5,0
v2,Q87,8,0.0,0.0,0.0,0.0,1,5,0
v2,Q87,9,0.0,0.0,0.0,0.0,1,5,0
v2,Q87,10,0.0,0.0,0.0,0.0,1,5,0
v2,Q87,11,0.0,0.0,0.0,0.0,1,5,0
v2,Q87,12,0.0,0.0,0.0,0.0,1,5,0
v2,Q87,13,0.0,0.0,0.0,0.0,1,5,0
v2,Q87,14,0.0,0.0,0.0,0.0,1,5,0
v2,Q87,15,0.0,0.0,0.0,0.0,1,5,0
v2,Q87,16,0.0,0.0,0.0,0.0,1,5,0
v2,Q87,17,0.0,0.0,0.0,0.0,1,5,0
v2,Q87,18,0.0,0.0,0.0,0.0,1,5,0
v2,Q87,19,0.0,0.0,0.0,0.0,1,5,0
v2,Q87,20,0.0,0.0,0.0,0.0,1,5,0
v2,Q87,21,0.0,0.0,0.0,0.0,1,5,0
v2,Q87,22,0.0,0.0,0.0,0.0,1,5,0
v2,Q87,23,0.0,0.0,0.0,0.0,1,5,0
v2,Q87,24,0.0,0.0,0.0,0.0,1,5,0
v2,Q87,25,0.0,0.0,0.0,0.0,1,5,0
v2,Q88,1,0.0,0.0,0.0,0.0,1,3,0
v2,Q88,2,0.0,0.0,0.0,0.0,1,3,0
v2,Q88,3,0.0,0.0,0.0,0.0,1,3,0
v2,Q88,4,0.0,0.0,0.0,0.0,1,3,0
v2,Q88,5,0.0,0.0,0.0,0.0,1,3,0
v2,Q88,6,0.0,0.0,0.0,0.0,1,3,0
v2,Q88,7,0.0,0.0,0.0,0.0,1,3,0
v2,Q88,8,0.0,0.0,0.0,0.0,1,3,0
v2,Q88,9,0.0,0.0,0.0,0.0,1,3,0
v2,Q88,10,0.0,0.0,0.0,0.0,1,3,0
v2,Q88,11,0.0,0.0,0.0,0.0,1,3,0
v2,Q88,12,0.0,0.0,0.0,0.0,1,3,0
v2,Q88,13,0.0,0.0,0.0,0.0,1,3,0
v2,Q88,14,0.0,0.0,0.0,0.0,1,3,0
v2,Q88,15,0.0,0.0,0.0,0.0,1,3,0
v2,Q88,16,0.0,0.0,0.0,0.0,1,3,0
v2,Q88,17,0.0,0.0,0.0,0.0,1,3,0
v2,Q88,18,0.0,0.0,0.0,0.0,1,3,0
v2,Q88,19,0.0,0.0,0.0,0.0,1,3,0
v2,Q88,20,0.0,0.0,0.0,0.0,1,3,0
v2,Q88,21,0.0,0.0,0.0,0.0,1,3,0
v2,Q88,22,0.0,0.0,0.0,0.0,1,3,0
v2,Q88,23,0.0,0.0,0.0,0.0,1,3,0
v2,Q88,24,0.0,0.0,0.0,0.0,1,3,0
v2,Q88,25,0.0,0.0,0.0,0.0,1,3,0
v2,Q89,1,0.0,0.0,0.0,0.0,1,3,0
v2,Q89,2,0.0,0.0,0.0,0.0,1,3,0
v2,Q89,3,0.0,0.0,0.0,0.0,1,3,0
v2,Q89,4,0.0,0.0,0.0,0.0,1,3,0
v2,Q89,5,0.0,0.0,0.0,0.0,1,3,0
v2,Q89,6,0.0,0.0,0.0,0.0,1,3,0
v2,Q89,7,0.0,0.0,0.0,0.0,1,3,0
v2,Q89,8,0.0,0.0,0.0,0.0,1,3,0
v2,Q89,9,0.0,0.0,0.0,0.0,1,3,0
v2,Q89,10,0.0,0.0,0.0,0.0,1,3,0
v2,Q89,11,0.0,0.0,0.0,0.0,1,3,0
v2,Q89,12,0.0,0.0,0.0,0.0,1,3,0
v2,Q89,13,0.0,0.0,0.0,0.0,1,3,0
v2,Q89,14,0.0,0.0,0.0,0.0,1,3,0
v2,Q89,15,0.0,0.0,0.0,0.0,1,3,0
v2,Q89,16,0.0,0.0,0.0,0.0,1,3,0
v2,Q89,17,0.0,0.0,0.0,0.0,1,3,0
v2,Q89,18,0.0,0.0,0.0,0.0,1,3,0
v2,Q89,19,0.0,0.0,0.0,0.0,1,3,0
v2,Q89,20,0.0,0.0,0.0,0.0,1,3,0
v2,Q89,21,0.0,0.0,0.0,0.0,1,3,0
v2,Q89,22,0.0,0.0,0.0,0.0,1,3,0
v2,Q89,23,0.0,0.0,0.0,0.0,1,3,0
v2,Q89,24,0.0,0.0,0.0,0.0,1,3,0
v2,Q89,25,0.0,0.0,0.0,0.0,1,3,0
v2,Q9,1,0.0,0.0,0.0,0.0,1,4,0
v2,Q9,2,0.0,0.0,0.0,0.0,1,4,0
v2,Q9,3,0.0,0.0,0.0,0.0,1,4,0
v2,Q9,4,0.0,0.0,0.0,0.0,1,4,0
v2,Q9,5,0.0,0.0,0.0,0.0,1,4,0
v2,Q9,6,0.0,0.0,0.0,0.0,1,4,0
v2,Q9,7,0.0,0.0,0.0,0.0,1,4,0
v2,Q9,8,0.0,0.0,0.0,0.0,1,4,0
v2,Q9,9,0.0,0.0,0.0,0.0,1,4,0
v2,Q9,10,0.0,0.0,0.0,0.0,1,4,0
v2,Q9,11,0.0,0.0,0.0,0.0,1,4,0
v2,Q9,12,0.0,0.0,0.0,0.0,1,4,0
v2,Q9,13,0.0,0.0,0.0,0.0,1,4,0
v2,Q9,14,0.0,0.0,0.0,0.0,1,4,0
v2,Q9,15,0.0,0.0,0.0,0.0,1,4,0
v2,Q9,16,0.0,0.0,0.0,0.0,1,4,0
v2,Q9,17,0.0,0.0,0.0,0.0,1,4,0
v2,Q9,18,0.0,0.0,0.0,0.0,1,4,0
v2,Q9,19,0.0,0.0,0.0,0.0,1,4,0
v2,Q9,20,0.0,0.0,0.0,0.0,1,4,0
v2,Q9,21,0.0,0.0,0.0,0.0,1,4,0
v2,Q9,22,0.0,0.0,0.0,0.0,1,4,0
v2,Q9,23,0.0,0.0,0.0,0.0,1,4,0
v2,Q9,24,0.0,0.0,0.0,0.0,1,4,0
v2,Q9,25,0.0,0.0,0.0,0.0,1,4,0
v2,Q90,1,0.0,0.0,0.0,0.0,1,3,0
v2,Q90,2,0.0,0.0,0.0,0.0,1,3,0
v2,Q90,3,0.0,0.0,0.0,0.0,1,3,0
v2,Q90,4,0.0,0.0,0.0,0.0,1,3,0
v2,Q90,5,0.0,0.0,0.0,0.0,1,3,0
v2,Q90,6,0.0,0.0,0.0,0.0,1,3,0
v2,Q90,7,0.0,0.0,0.0,0.0,1,3,0
v2,Q90,8,0.0,0.0,0.0,0.0,1,3,0
v2,Q90,9,0.0,0.0,0.0,0.0,1,3,0
v2,Q90,10,0.0,0.0,0.0,0.0,1,3,0
v2,Q90,11,0.0,0.0,0.0,0.0,1,3,0
v2,Q90,12,0.0,0.0,0.0,0.0,1,3,0
v2,Q90,13,0.0,0.0,0.0,0.0,1,3,0
v2,Q90,14,0.0,0.0,0.0,0.0,1,3,0
v2,Q90,15,0.0,0.0,0.0,0.0,1,3,0
v2,Q90,16,0.0,0.0,0.0,0.0,1,3,0
v2,Q90,17,0.0,0.0,0.0,0.0,1,3,0
v2,Q90,18,0.0,0.0,0.0,0.0,1,3,0
v2,Q90,19,0.0,0.0,0.0,0.0,1,3,0
v2,Q90,20,0.0,0.0,0.0,0.0,1,3,0
v2,Q90,21,0.0,0.0,0.0,0.0,1,3,0
v2,Q90,22,0.0,0.0,0.0,0.0,1,3,0
v2,Q90,23,0.0,0.0,0.0,0.0,1,3,0
v2,Q90,24,0.0,0.0,0.0,0.0,1,3,0
v2,Q90,25,0.0,0.0,0.0,0.0,1,3,0
v2,Q91,1,0.0,0.0,0.0,0.0,0,2,0
v2,Q91,2,0.0,0.0,0.0,0.0,0,2,0
v2,Q91,3,0.0,0.0,0.0,0.0,0,2,0
v2,Q91,4,0.0,0.0,0.0,0.0,0,2,0
v2,Q91,5,0.0,0.0,0.0,0.0,0,2,0
v2,Q91,6,0.0,0.0,0.0,0.0,0,2,0
v2,Q91,7,0.0,0.0,0.0,0.0,0,2,0
v2,Q91,8,0.0,0.0,0.0,0.0,0,2,0
v2,Q91,9,0.0,0.0,0.0,0.0,0,2,0
v2,Q91,10,0.0,0.0,0.0,0.0,0,2,0
v2,Q91,11,0.0,0.0,0.0,0.0,0,2,0
v2,Q91,12,0.0,0.0,0.0,0.0,0,2,0
v2,Q91,13,0.0,0.0,0.0,0.0,0,2,0
v2,Q91,14,0.0,0.0,0.0,0.0,0,2,0
v2,Q91,15,0.0,0.0,0.0,0.0,0,2,0
v2,Q91,16,0.0,0.0,0.0,0.0,0,2,0
v2,Q91,17,0.0,0.0,0.0,0.0,0,2,0
v2,Q91,18,0.0,0.0,0.0,0.0,0,2,0
v2,Q91,19,0.0,0.0,0.0,0.0,0,2,0
v2,Q91,20,0.0,0.0,0.0,0.0,0,2,0
v2,Q91,21,0.0,0.0,0.0,0.0,0,2,0
v2,Q91,22,0.0,0.0,0.0,0.0,0,2,0
v2,Q91,23,0.0,0.0,0.0,0.0,0,2,0
v2,Q91,24,0.0,0.0,0.0,0.0,0,2,0
v2,Q91,25,0.0,0.0,0.0,0.0,0,2,0
v2,Q92,1,0.0,0.0,0.0,0.0,1,5,0
v2,Q92,2,0.0,0.0,0.0,0.0,1,5,0
v2,Q92,3,0.0,0.0,0.0,0.0,1,5,0
v2,Q92,4,0.0,0.0,0.0,0.0,1,5,0
v2,Q92,5,0.0,0.0,0.0,0.0,1,5,0
v2,Q92,6,0.0,0.0,0.0,0.0,1,5,0
v2,Q92,7,0.0,0.0,0.0,0.0,1,5,0
v2,Q92,8,0.0,0.0,0.0,0.0,1,5,0
v2,Q92,9,0.0,0.0,0.0,0.0,1,5,0
v2,Q92,10,0.0,0.0,0.0,0.0,1,5,0
v2,Q92,11,0.0,0.0,0.0,0.0,1,5,0
v2,Q92,12,0.0,0.0,0.0,0.0,1,5,0
v2,Q92,13,0.0,0.0,0.0,0.0,1,5,0
v2,Q92,14,0.0,0.0,0.0,0.0,1,5,0
v2,Q92,15,0.0,0.0,0.0,0.0,1,5,0
v2,Q92,16,0.0,0.0,0.0,0.0,1,5,0
v2,Q92,17,0.0,0.0,0.0,0.0,1,5,0
v2,Q92,18,0.0,0.0,0.0,0.0,1,5,0
v2,Q92,19,0.0,0.0,0.0,0.0,1,5,0
v2,Q92,20,0.0,0.0,0.0,0.0,1,5,0
v2,Q92,21,0.0,0.0,0.0,0.0,1,5,0
v2,Q92,22,0.0,0.0,0.0,0.0,1,5,0
v2,Q92,23,0.0,0.0,0.0,0.0,1,5,0
v2,Q92,24,0.0,0.0,0.0,0.0,1,5,0
v2,Q92,25,0.0,0.0,0.0,0.0,1,5,0
v2,Q93,1,1.0,0.2,0.33333333333333337,0.2,1,5,1
v2,Q93,2,1.0,0.2,0.33333333333333337,0.2,1,5,1
v2,Q93,3,1.0,0.2,0.33333333333333337,0.2,1,5,1
v2,Q93,4,1.0,0.2,0.33333333333333337,0.2,1,5,1
v2,Q93,5,1.0,0.2,0.33333333333333337,0.2,1,5,1
v2,Q93,6,1.0,0.2,0.33333333333333337,0.2,1,5,1
v2,Q93,7,1.0,0.2,0.33333333333333337,0.2,1,5,1
v2,Q93,8,0.0,0.0,0.0,0.0,1,5,0
v2,Q93,9,0.0,0.0,0.0,0.0,1,5,0
v2,Q93,10,1.0,0.2,0.33333333333333337,0.2,1,5,1
v2,Q93,11,0.0,0.0,0.0,0.0,1,5,0
v2,Q93,12,1.0,0.2,0.33333333333333337,0.2,1,5,1
v2,Q93,13,1.0,0.2,0.33333333333333337,0.2,1,5,1
v2,Q93,14,0.0,0.0,0.0,0.0,1,5,0
v2,Q93,15,0.0,0.0,0.0,0.0,1,5,0
v2,Q93,16,0.0,0.0,0.0,0.0,1,5,0
v2,Q93,17,1.0,0.2,0.33333333333333337,0.2,1,5,1
v2,Q93,18,0.0,0.0,0.0,0.0,1,5,0
v2,Q93,19,1.0,0.2,0.33333333333333337,0.2,1,5,1
v2,Q93,20,0.0,0.0,0.0,0.0,1,5,0
v2,Q93,21,1.0,0.2,0.33333333333333337,0.2,1,5,1
v2,Q93,22,1.0,0.2,0.33333333333333337,0.2,1,5,1
v2,Q93,23,1.0,0.2,0.33333333333333337,0.2,1,5,1
v2,Q93,24,0.0,0.0,0.0,0.0,1,5,0
v2,Q93,25,0.0,0.0,0.0,0.0,1,5,0
v2,Q94,1,1.0,0.3333333333333333,0.5,0.3333333333333333,1,3,1
v2,Q94,2,1.0,0.3333333333333333,0.5,0.3333333333333333,1,3,1
v2,Q94,3,0.0,0.0,0.0,0.0,1,3,0
v2,Q94,4,0.0,0.0,0.0,0.0,1,3,0
v2,Q94,5,0.0,0.0,0.0,0.0,1,3,0
v2,Q94,6,0.0,0.0,0.0,0.0,1,3,0
v2,Q94,7,0.0,0.0,0.0,0.0,1,3,0
v2,Q94,8,0.0,0.0,0.0,0.0,1,3,0
v2,Q94,9,0.0,0.0,0.0,0.0,1,3,0
v2,Q94,10,0.0,0.0,0.0,0.0,1,3,0
v2,Q94,11,0.0,0.0,0.0,0.0,1,3,0
v2,Q94,12,0.0,0.0,0.0,0.0,1,3,0
v2,Q94,13,0.0,0.0,0.0,0.0,1,3,0
v2,Q94,14,1.0,0.3333333333333333,0.5,0.3333333333333333,1,3,1
v2,Q94,15,1.0,0.3333333333333333,0.5,0.3333333333333333,1,3,1
v2,Q94,16,0.0,0.0,0.0,0.0,1,3,0
v2,Q94,17,0.0,0.0,0.0,0.0,1,3,0
v2,Q94,18,0.0,0.0,0.0,0.0,1,3,0
v2,Q94,19,1.0,0.3333333333333333,0.5,0.3333333333333333,1,3,1
v2,Q94,20,0.0,0.0,0.0,0.0,1,3,0
v2,Q94,21,0.0,0.0,0.0,0.0,1,3,0
v2,Q94,22,0.0,0.0,0.0,0.0,1,3,0
v2,Q94,23,0.0,0.0,0.0,0.0,1,3,0
v2,Q94,24,1.0,0.3333333333333333,0.5,0.3333333333333333,1,3,1
v2,Q94,25,0.0,0.0,0.0,0.0,1,3,0
v2,Q95,1,0.0,0.0,0.0,0.0,0,7,0
v2,Q95,2,0.0,0.0,0.0,0.0,0,7,0
v2,Q95,3,0.0,0.0,0.0,0.0,0,7,0
v2,Q95,4,0.0,0.0,0.0,0.0,0,7,0
v2,Q95,5,0.0,0.0,0.0,0.0,0,7,0
v2,Q95,6,0.0,0.0,0.0,0.0,0,7,0
v2,Q95,7,0.0,0.0,0.0,0.0,0,7,0
v2,Q95,8,0.0,0.0,0.0,0.0,0,7,0
v2,Q95,9,0.0,0.0,0.0,0.0,0,7,0
v2,Q95,10,0.0,0.0,0.0,0.0,0,7,0
v2,Q95,11,0.0,0.0,0.0,0.0,0,7,0
v2,Q95,12,0.0,0.0,0.0,0.0,0,7,0
v2,Q95,13,0.0,0.0,0.0,0.0,0,7,0
v2,Q95,14,0.0,0.0,0.0,0.0,0,7,0
v2,Q95,15,0.0,0.0,0.0,0.0,0,7,0
v2,Q95,16,0.0,0.0,0.0,0.0,0,7,0
v2,Q95,17,0.0,0.0,0.0,0.0,0,7,0
v2,Q95,18,0.0,0.0,0.0,0.0,0,7,0
v2,Q95,19,0.0,0.0,0.0,0.0,0,7,0
v2,Q95,20,0.0,0.0,0.0,0.0,0,7,0
v2,Q95,21,0.0,0.0,0.0,0.0,0,7,0
v2,Q95,22,0.0,0.0,0.0,0.0,0,7,0
v2,Q95,23,0.0,0.0,0.0,0.0,0,7,0
v2,Q95,24,0.0,0.0,0.0,0.0,0,7,0
v2,Q95,25,0.0,0.0,0.0,0.0,0,7,0
v2,Q96,1,0.0,0.0,0.0,0.0,1,8,0
v2,Q96,2,0.0,0.0,0.0,0.0,1,8,0
v2,Q96,3,0.0,0.0,0.0,0.0,1,8,0
v2,Q96,4,0.0,0.0,0.0,0.0,1,8,0
v2,Q96,5,0.0,0.0,0.0,0.0,1,8,0
v2,Q96,6,0.0,0.0,0.0,0.0,0,8,0
v2,Q96,7,0.0,0.0,0.0,0.0,1,8,0
v2,Q96,8,0.0,0.0,0.0,0.0,1,8,0
v2,Q96,9,0.0,0.0,0.0,0.0,1,8,0
v2,Q96,10,0.0,0.0,0.0,0.0,1,8,0
v2,Q96,11,0.0,0.0,0.0,0.0,1,8,0
v2,Q96,12,0.0,0.0,0.0,0.0,1,8,0
v2,Q96,13,0.0,0.0,0.0,0.0,1,8,0
v2,Q96,14,0.0,0.0,0.0,0.0,1,8,0
v2,Q96,15,0.0,0.0,0.0,0.0,1,8,0
v2,Q96,16,0.0,0.0,0.0,0.0,1,8,0
v2,Q96,17,0.0,0.0,0.0,0.0,0,8,0
v2,Q96,18,0.0,0.0,0.0,0.0,1,8,0
v2,Q96,19,0.0,0.0,0.0,0.0,1,8,0
v2,Q96,20,0.0,0.0,0.0,0.0,0,8,0
v2,Q96,21,0.0,0.0,0.0,0.0,1,8,0
v2,Q96,22,0.0,0.0,0.0,0.0,1,8,0
v2,Q96,23,0.0,0.0,0.0,0.0,1,8,0
v2,Q96,24,0.0,0.0,0.0,0.0,1,8,0
v2,Q96,25,0.0,0.0,0.0,0.0,1,8,0
v2,Q97,1,0.0,0.0,0.0,0.0,0,5,0
v2,Q97,2,0.0,0.0,0.0,0.0,0,5,0
v2,Q97,3,0.0,0.0,0.0,0.0,0,5,0
v2,Q97,4,0.0,0.0,0.0,0.0,1,5,0
v2,Q97,5,0.0,0.0,0.0,0.0,0,5,0
v2,Q97,6,0.0,0.0,0.0,0.0,0,5,0
v2,Q97,7,0.0,0.0,0.0,0.0,0,5,0
v2,Q97,8,0.0,0.0,0.0,0.0,0,5,0
v2,Q97,9,0.0,0.0,0.0,0.0,1,5,0
v2,Q97,10,0.0,0.0,0.0,0.0,0,5,0
v2,Q97,11,0.0,0.0,0.0,0.0,0,5,0
v2,Q97,12,0.0,0.0,0.0,0.0,0,5,0
v2,Q97,13,0.0,0.0,0.0,0.0,0,5,0
v2,Q97,14,0.0,0.0,0.0,0.0,0,5,0
v2,Q97,15,0.0,0.0,0.0,0.0,0,5,0
v2,Q97,16,0.0,0.0,0.0,0.0,0,5,0
v2,Q97,17,0.0,0.0,0.0,0.0,0,5,0
v2,Q97,18,0.0,0.0,0.0,0.0,0,5,0
v2,Q97,19,0.0,0.0,0.0,0.0,0,5,0
v2,Q97,20,0.0,0.0,0.0,0.0,0,5,0
v2,Q97,21,0.0,0.0,0.0,0.0,0,5,0
v2,Q97,22,0.0,0.0,0.0,0.0,0,5,0
v2,Q97,23,0.0,0.0,0.0,0.0,0,5,0
v2,Q97,24,0.0,0.0,0.0,0.0,0,5,0
v2,Q97,25,0.0,0.0,0.0,0.0,0,5,0
v2,Q98,1,0.0,0.0,0.0,0.0,0,1,0
v2,Q98,2,0.0,0.0,0.0,0.0,0,1,0
v2,Q98,3,0.0,0.0,0.0,0.0,1,1,0
v2,Q98,4,0.0,0.0,0.0,0.0,1,1,0
v2,Q98,5,0.0,0.0,0.0,0.0,1,1,0
v2,Q98,6,0.0,0.0,0.0,0.0,1,1,0
v2,Q98,7,0.0,0.0,0.0,0.0,0,1,0
v2,Q98,8,0.0,0.0,0.0,0.0,1,1,0
v2,Q98,9,0.0,0.0,0.0,0.0,0,1,0
v2,Q98,10,0.0,0.0,0.0,0.0,0,1,0
v2,Q98,11,0.0,0.0,0.0,0.0,1,1,0
v2,Q98,12,0.0,0.0,0.0,0.0,1,1,0
v2,Q98,13,0.0,0.0,0.0,0.0,1,1,0
v2,Q98,14,0.0,0.0,0.0,0.0,1,1,0
v2,Q98,15,0.0,0.0,0.0,0.0,0,1,0
v2,Q98,16,0.0,0.0,0.0,0.0,1,1,0
v2,Q98,17,0.0,0.0,0.0,0.0,1,1,0
v2,Q98,18,0.0,0.0,0.0,0.0,1,1,0
v2,Q98,19,0.0,0.0,0.0,0.0,1,1,0
v2,Q98,20,0.0,0.0,0.0,0.0,1,1,0
v2,Q98,21,0.0,0.0,0.0,0.0,0,1,0
v2,Q98,22,0.0,0.0,0.0,0.0,0,1,0
v2,Q98,23,0.0,0.0,0.0,0.0,0,1,0
v2,Q98,24,0.0,0.0,0.0,0.0,0,1,0
v2,Q98,25,0.0,0.0,0.0,0.0,1,1,0
v2,Q99,1,0.0,0.0,0.0,0.0,0,5,0
v2,Q99,2,0.0,0.0,0.0,0.0,0,5,0
v2,Q99,3,0.0,0.0,0.0,0.0,0,5,0
v2,Q99,4,0.0,0.0,0.0,0.0,0,5,0
v2,Q99,5,0.0,0.0,0.0,0.0,1,5,0
v2,Q99,6,0.0,0.0,0.0,0.0,0,5,0
v2,Q99,7,0.0,0.0,0.0,0.0,0,5,0
v2,Q99,8,0.0,0.0,0.0,0.0,0,5,0
v2,Q99,9,0.0,0.0,0.0,0.0,0,5,0
v2,Q99,10,0.0,0.0,0.0,0.0,0,5,0
v2,Q99,11,0.0,0.0,0.0,0.0,0,5,0
v2,Q99,12,0.0,0.0,0.0,0.0,0,5,0
v2,Q99,13,0.0,0.0,0.0,0.0,0,5,0
v2,Q99,14,0.0,0.0,0.0,0.0,0,5,0
v2,Q99,15,0.0,0.0,0.0,0.0,0,5,0
v2,Q99,16,0.0,0.0,0.0,0.0,1,5,0
v2,Q99,17,0.0,0.0,0.0,0.0,0,5,0
v2,Q99,18,0.0,0.0,0.0,0.0,0,5,0
v2,Q99,19,0.0,0.0,0.0,0.0,0,5,0
v2,Q99,20,0.0,0.0,0.0,0.0,0,5,0
v2,Q99,21,0.0,0.0,0.0,0.0,0,5,0
v2,Q99,22,0.0,0.0,0.0,0.0,0,5,0
v2,Q99,23,0.0,0.0,0.0,0.0,0,5,0
v2,Q99,24,0.0,0.0,0.0,0.0,0,5,0
v2,Q99,25,0.0,0.0,0.0,0.0,0,5,0
v3,Q1,1,0.0,0.0,0.0,0.0,1,2,0
v3,Q1,2,0.0,0.0,0.0,0.0,0,2,0
v3,Q1,3,0.0,0.0,0.0,0.0,1,2,0
v3,Q1,4,0.0,0.0,0.0,0.0,0,2,0
v3,Q1,5,0.0,0.0,0.0,0.0,0,2,0
v3,Q1,6,0.0,0.0,0.0,0.0,0,2,0
v3,Q1,7,0.0,0.0,0.0,0.0,0,2,0
v3,Q1,8,0.0,0.0,0.0,0.0,0,2,0
v3,Q1,9,0.0,0.0,0.0,0.0,0,2,0
v3,Q1,10,0.0,0.0,0.0,0.0,0,2,0
v3,Q1,11,0.0,0.0,0.0,0.0,1,2,0
v3,Q1,12,0.0,0.0,0.0,0.0,1,2,0
v3,Q1,13,0.0,0.0,0.0,0.0,0,2,0
v3,Q1,14,0.0,0.0,0.0,0.0,0,2,0
v3,Q1,15,0.0,0.0,0.0,0.0,0,2,0
v3,Q1,16,0.0,0.0,0.0,0.0,0,2,0
v3,Q1,17,0.0,0.0,0.0,0.0,0,2,0
v3,Q1,18,0.0,0.0,0.0,0.0,1,2,0
v3,Q1,19,0.0,0.0,0.0,0.0,0,2,0
v3,Q1,20,0.0,0.0,0.0,0.0,0,2,0
v3,Q1,21,0.0,0.0,0.0,0.0,0,2,0
v3,Q1,22,0.0,0.0,0.0,0.0,0,2,0
v3,Q1,23,0.0,0.0,0.0,0.0,0,2,0
v3,Q1,24,0.0,0.0,0.0,0.0,0,2,0
v3,Q1,25,0.0,0.0,0.0,0.0,0,2,0
v3,Q10,1,0.0,0.0,0.0,0.0,0,1,0
v3,Q10,2,0.0,0.0,0.0,0.0,0,1,0
v3,Q10,3,0.0,0.0,0.0,0.0,0,1,0
v3,Q10,4,0.0,0.0,0.0,0.0,0,1,0
v3,Q10,5,0.0,0.0,0.0,0.0,0,1,0
v3,Q10,6,0.0,0.0,0.0,0.0,0,1,0
v3,Q10,7,0.0,0.0,0.0,0.0,0,1,0
v3,Q10,8,0.0,0.0,0.0,0.0,0,1,0
v3,Q10,9,0.0,0.0,0.0,0.0,0,1,0
v3,Q10,10,0.0,0.0,0.0,0.0,0,1,0
v3,Q10,11,0.0,0.0,0.0,0.0,0,1,0
v3,Q10,12,0.0,0.0,0.0,0.0,0,1,0
v3,Q10,13,0.0,0.0,0.0,0.0,0,1,0
v3,Q10,14,0.0,0.0,0.0,0.0,0,1,0
v3,Q10,15,0.0,0.0,0.0,0.0,0,1,0
v3,Q10,16,0.0,0.0,0.0,0.0,0,1,0
v3,Q10,17,0.0,0.0,0.0,0.0,0,1,0
v3,Q10,18,0.0,0.0,0.0,0.0,0,1,0
v3,Q10,19,0.0,0.0,0.0,0.0,0,1,0
v3,Q10,20,0.0,0.0,0.0,0.0,0,1,0
v3,Q10,21,0.0,0.0,0.0,0.0,0,1,0
v3,Q10,22,0.0,0.0,0.0,0.0,0,1,0
v3,Q10,23,0.0,0.0,0.0,0.0,0,1,0
v3,Q10,24,0.0,0.0,0.0,0.0,0,1,0
v3,Q10,25,0.0,0.0,0.0,0.0,0,1,0
v3,Q100,1,1.0,0.3333333333333333,0.5,0.3333333333333333,1,3,1
v3,Q100,2,0.0,0.0,0.0,0.0,0,3,0
v3,Q100,3,1.0,0.3333333333333333,0.5,0.3333333333333333,1,3,1
v3,Q100,4,0.0,0.0,0.0,0.0,1,3,0
v3,Q100,5,0.0,0.0,0.0,0.0,1,3,0
v3,Q100,6,0.0,0.0,0.0,0.0,0,3,0
v3,Q100,7,1.0,0.3333333333333333,0.5,0.3333333333333333,1,3,1
v3,Q100,8,1.0,0.3333333333333333,0.5,0.3333333333333333,1,3,1
v3,Q100,9,1.0,0.3333333333333333,0.5,0.3333333333333333,1,3,1
v3,Q100,10,1.0,0.3333333333333333,0.5,0.3333333333333333,1,3,1
v3,Q100,11,0.0,0.0,0.0,0.0,1,3,0
v3,Q100,12,0.0,0.0,0.0,0.0,0,3,0
v3,Q100,13,0.0,0.0,0.0,0.0,1,3,0
v3,Q100,14,0.0,0.0,0.0,0.0,0,3,0
v3,Q100,15,1.0,0.3333333333333333,0.5,0.3333333333333333,1,3,1
v3,Q100,16,0.0,0.0,0.0,0.0,0,3,0
v3,Q100,17,0.0,0.0,0.0,0.0,1,3,0
v3,Q100,18,1.0,0.3333333333333333,0.5,0.3333333333333333,1,3,1
v3,Q100,19,1.0,0.3333333333333333,0.5,0.3333333333333333,1,3,1
v3,Q100,20,1.0,0.3333333333333333,0.5,0.3333333333333333,1,3,1
v3,Q100,21,0.0,0.0,0.0,0.0,1,3,0
v3,Q100,22,0.0,0.0,0.0,0.0,1,3,0
v3,Q100,23,0.0,0.0,0.0,0.0,0,3,0
v3,Q100,24,0.0,0.0,0.0,0.0,1,3,0
v3,Q100,25,1.0,0.3333333333333333,0.5,0.3333333333333333,1,3,1
v3,Q101,1,0.0,0.0,0.0,0.0,0,8,0
v3,Q101,2,0.0,0.0,0.0,0.0,0,8,0
v3,Q101,3,0.0,0.0,0.0,0.0,0,8,0
v3,Q101,4,0.0,0.0,0.0,0.0,0,8,0
v3,Q101,5,0.0,0.0,0.0,0.0,0,8,0
v3,Q101,6,0.0,0.0,0.0,0.0,0,8,0
v3,Q101,7,0.0,0.0,0.0,0.0,0,8,0
v3,Q101,8,0.0,0.0,0.0,0.0,0,8,0
v3,Q101,9,0.0,0.0,0.0,0.0,0,8,0
v3,Q101,10,0.0,0.0,0.0,0.0,0,8,0
v3,Q101,11,0.0,0.0,0.0,0.0,0,8,0
v3,Q101,12,0.0,0.0,0.0,0.0,0,8,0
v3,Q101,13,0.0,0.0,0.0,0.0,0,8,0
v3,Q101,14,0.0,0.0,0.0,0.0,0,8,0
v3,Q101,15,0.0,0.0,0.0,0.0,0,8,0
v3,Q101,16,0.0,0.0,0.0,0.0,0,8,0
v3,Q101,17,0.0,0.0,0.0,0.0,0,8,0
v3,Q101,18,0.0,0.0,0.0,0.0,0,8,0
v3,Q101,19,0.0,0.0,0.0,0.0,0,8,0
v3,Q101,20,0.0,0.0,0.0,0.0,0,8,0
v3,Q101,21,0.0,0.0,0.0,0.0,0,8,0
v3,Q101,22,0.0,0.0,0.0,0.0,0,8,0
v3,Q101,23,0.0,0.0,0.0,0.0,0,8,0
v3,Q101,24,0.0,0.0,0.0,0.0,0,8,0
v3,Q101,25,0.0,0.0,0.0,0.0,0,8,0
v3,Q102,1,0.0,0.0,0.0,0.0,0,5,0
v3,Q102,2,0.0,0.0,0.0,0.0,0,5,0
v3,Q102,3,1.0,0.2,0.33333333333333337,0.2,1,5,1
v3,Q102,4,0.0,0.0,0.0,0.0,0,5,0
v3,Q102,5,0.0,0.0,0.0,0.0,0,5,0
v3,Q102,6,0.0,0.0,0.0,0.0,0,5,0
v3,Q102,7,0.0,0.0,0.0,0.0,0,5,0
v3,Q102,8,0.0,0.0,0.0,0.0,0,5,0
v3,Q102,9,0.0,0.0,0.0,0.0,1,5,0
v3,Q102,10,0.0,0.0,0.0,0.0,1,5,0
v3,Q102,11,0.0,0.0,0.0,0.0,1,5,0
v3,Q102,12,0.0,0.0,0.0,0.0,1,5,0
v3,Q102,13,0.0,0.0,0.0,0.0,0,5,0
v3,Q102,14,0.0,0.0,0.0,0.0,1,5,0
v3,Q102,15,0.0,0.0,0.0,0.0,0,5,0
v3,Q102,16,1.0,0.2,0.33333333333333337,0.2,1,5,1
v3,Q102,17,0.0,0.0,0.0,0.0,0,5,0
v3,Q102,18,0.0,0.0,0.0,0.0,0,5,0
v3,Q102,19,0.0,0.0,0.0,0.0,0,5,0
v3,Q102,20,0.0,0.0,0.0,0.0,0,5,0
v3,Q102,21,0.0,0.0,0.0,0.0,1,5,0
v3,Q102,22,0.0,0.0,0.0,0.0,0,5,0
v3,Q102,23,0.0,0.0,0.0,0.0,1,5,0
v3,Q102,24,0.0,0.0,0.0,0.0,0,5,0
v3,Q102,25,0.0,0.0,0.0,0.0,0,5,0
v3,Q103,1,0.0,0.0,0.0,0.0,0,8,0
v3,Q103,2,0.0,0.0,0.0,0.0,0,8,0
v3,Q103,3,0.0,0.0,0.0,0.0,0,8,0
v3,Q103,4,0.0,0.0,0.0,0.0,0,8,0
v3,Q103,5,0.0,0.0,0.0,0.0,0,8,0
v3,Q103,6,0.0,0.0,0.0,0.0,0,8,0
v3,Q103,7,0.0,0.0,0.0,0.0,0,8,0
v3,Q103,8,0.0,0.0,0.0,0.0,0,8,0
v3,Q103,9,0.0,0.0,0.0,0.0,0,8,0
v3,Q103,10,0.0,0.0,0.0,0.0,0,8,0
v3,Q103,11,0.0,0.0,0.0,0.0,0,8,0
v3,Q103,12,0.0,0.0,0.0,0.0,0,8,0
v3,Q103,13,0.0,0.0,0.0,0.0,0,8,0
v3,Q103,14,0.0,0.0,0.0,0.0,0,8,0
v3,Q103,15,0.0,0.0,0.0,0.0,0,8,0
v3,Q103,16,0.0,0.0,0.0,0.0,0,8,0
v3,Q103,17,0.0,0.0,0.0,0.0,0,8,0
v3,Q103,18,0.0,0.0,0.0,0.0,0,8,0
v3,Q103,19,0.0,0.0,0.0,0.0,0,8,0
v3,Q103,20,0.0,0.0,0.0,0.0,0,8,0
v3,Q103,21,0.0,0.0,0.0,0.0,0,8,0
v3,Q103,22,0.0,0.0,0.0,0.0,0,8,0
v3,Q103,23,0.0,0.0,0.0,0.0,0,8,0
v3,Q103,24,0.0,0.0,0.0,0.0,0,8,0
v3,Q103,25,0.0,0.0,0.0,0.0,0,8,0
v3,Q104,1,0.0,0.0,0.0,0.0,1,7,0
v3,Q104,2,0.0,0.0,0.0,0.0,1,7,0
v3,Q104,3,0.0,0.0,0.0,0.0,0,7,0
v3,Q104,4,0.0,0.0,0.0,0.0,1,7,0
v3,Q104,5,0.0,0.0,0.0,0.0,1,7,0
v3,Q104,6,0.0,0.0,0.0,0.0,1,7,0
v3,Q104,7,0.0,0.0,0.0,0.0,1,7,0
v3,Q104,8,1.0,0.14285714285714285,0.25,0.14285714285714285,1,7,1
v3,Q104,9,0.0,0.0,0.0,0.0,1,7,0
v3,Q104,10,0.0,0.0,0.0,0.0,1,7,0
v3,Q104,11,0.0,0.0,0.0,0.0,1,7,0
v3,Q104,12,0.0,0.0,0.0,0.0,1,7,0
v3,Q104,13,0.0,0.0,0.0,0.0,1,7,0
v3,Q104,14,0.0,0.0,0.0,0.0,1,7,0
v3,Q104,15,0.0,0.0,0.0,0.0,1,7,0
v3,Q104,16,0.0,0.0,0.0,0.0,1,7,0
v3,Q104,17,1.0,0.14285714285714285,0.25,0.14285714285714285,1,7,1
v3,Q104,18,0.0,0.0,0.0,0.0,1,7,0
v3,Q104,19,0.0,0.0,0.0,0.0,1,7,0
v3,Q104,20,0.0,0.0,0.0,0.0,1,7,0
v3,Q104,21,0.0,0.0,0.0,0.0,1,7,0
v3,Q104,22,0.0,0.0,0.0,0.0,1,7,0
v3,Q104,23,0.0,0.0,0.0,0.0,1,7,0
v3,Q104,24,0.0,0.0,0.0,0.0,1,7,0
v3,Q104,25,0.0,0.0,0.0,0.0,1,7,0
v3,Q105,1,0.0,0.0,0.0,0.0,1,7,0
v3,Q105,2,0.0,0.0,0.0,0.0,1,7,0
v3,Q105,3,0.0,0.0,0.0,0.0,1,7,0
v3,Q105,4,0.0,0.0,0.0,0.0,1,7,0
v3,Q105,5,0.0,0.0,0.0,0.0,1,7,0
v3,Q105,6,0.0,0.0,0.0,0.0,1,7,0
v3,Q105,7,0.0,0.0,0.0,0.0,1,7,0
v3,Q105,8,0.0,0.0,0.0,0.0,0,7,0
v3,Q105,9,0.0,0.0,0.0,0.0,1,7,0
v3,Q105,10,0.0,0.0,0.0,0.0,0,7,0
v3,Q105,11,0.0,0.0,0.0,0.0,1,7,0
v3,Q105,12,0.0,0.0,0.0,0.0,1,7,0
v3,Q105,13,0.0,0.0,0.0,0.0,0,7,0
v3,Q105,14,0.0,0.0,0.0,0.0,1,7,0
v3,Q105,15,0.0,0.0,0.0,0.0,0,7,0
v3,Q105,16,0.0,0.0,0.0,0.0,1,7,0
v3,Q105,17,0.0,0.0,0.0,0.0,1,7,0
v3,Q105,18,0.0,0.0,0.0,0.0,0,7,0
v3,Q105,19,0.0,0.0,0.0,0.0,1,7,0
v3,Q105,20,0.0,0.0,0.0,0.0,1,7,0
v3,Q105,21,0.0,0.0,0.0,0.0,0,7,0
v3,Q105,22,0.0,0.0,0.0,0.0,1,7,0
v3,Q105,23,0.0,0.0,0.0,0.0,0,7,0
v3,Q105,24,0.0,0.0,0.0,0.0,0,7,0
v3,Q105,25,0.0,0.0,0.0,0.0,0,7,0
v3,Q106,1,0.0,0.0,0.0,0.0,0,9,0
v3,Q106,2,0.0,0.0,0.0,0.0,0,9,0
v3,Q106,3,0.0,0.0,0.0,0.0,0,9,0
v3,Q106,4,0.0,0.0,0.0,0.0,0,9,0
v3,Q106,5,0.0,0.0,0.0,0.0,0,9,0
v3,Q106,6,0.0,0.0,0.0,0.0,0,9,0
v3,Q106,7,0.0,0.0,0.0,0.0,0,9,0
v3,Q106,8,0.0,0.0,0.0,0.0,0,9,0
v3,Q106,9,0.0,0.0,0.0,0.0,0,9,0
v3,Q106,10,0.0,0.0,0.0,0.0,0,9,0
v3,Q106,11,0.0,0.0,0.0,0.0,0,9,0
v3,Q106,12,0.0,0.0,0.0,0.0,0,9,0
v3,Q106,13,0.0,0.0,0.0,0.0,0,9,0
v3,Q106,14,0.0,0.0,0.0,0.0,0,9,0
v3,Q106,15,0.0,0.0,0.0,0.0,0,9,0
v3,Q106,16,0.0,0.0,0.0,0.0,0,9,0
v3,Q106,17,0.0,0.0,0.0,0.0,0,9,0
v3,Q106,18,0.0,0.0,0.0,0.0,0,9,0
v3,Q106,19,0.0,0.0,0.0,0.0,0,9,0
v3,Q106,20,0.0,0.0,0.0,0.0,0,9,0
v3,Q106,21,0.0,0.0,0.0,0.0,0,9,0
v3,Q106,22,0.0,0.0,0.0,0.0,0,9,0
v3,Q106,23,0.0,0.0,0.0,0.0,0,9,0
v3,Q106,24,0.0,0.0,0.0,0.0,0,9,0
v3,Q106,25,0.0,0.0,0.0,0.0,0,9,0
v3,Q107,1,0.0,0.0,0.0,0.0,0,7,0
v3,Q107,2,0.0,0.0,0.0,0.0,0,7,0
v3,Q107,3,1.0,0.14285714285714285,0.25,0.14285714285714285,1,7,1
v3,Q107,4,0.0,0.0,0.0,0.0,0,7,0
v3,Q107,5,0.0,0.0,0.0,0.0,0,7,0
v3,Q107,6,0.0,0.0,0.0,0.0,0,7,0
v3,Q107,7,0.0,0.0,0.0,0.0,0,7,0
v3,Q107,8,0.0,0.0,0.0,0.0,0,7,0
v3,Q107,9,1.0,0.14285714285714285,0.25,0.14285714285714285,1,7,1
v3,Q107,10,0.0,0.0,0.0,0.0,0,7,0
v3,Q107,11,1.0,0.14285714285714285,0.25,0.14285714285714285,1,7,1
v3,Q107,12,0.0,0.0,0.0,0.0,1,7,0
v3,Q107,13,1.0,0.14285714285714285,0.25,0.14285714285714285,1,7,1
v3,Q107,14,0.0,0.0,0.0,0.0,0,7,0
v3,Q107,15,0.0,0.0,0.0,0.0,0,7,0
v3,Q107,16,1.0,0.14285714285714285,0.25,0.14285714285714285,1,7,1
v3,Q107,17,1.0,0.14285714285714285,0.25,0.14285714285714285,1,7,1
v3,Q107,18,1.0,0.14285714285714285,0.25,0.14285714285714285,1,7,1
v3,Q107,19,1.0,0.14285714285714285,0.25,0.14285714285714285,1,7,1
v3,Q107,20,0.0,0.0,0.0,0.0,1,7,0
v3,Q107,21,1.0,0.14285714285714285,0.25,0.14285714285714285,1,7,1
v3,Q107,22,1.0,0.14285714285714285,0.25,0.14285714285714285,1,7,1
v3,Q107,23,0.0,0.0,0.0,0.0,0,7,0
v3,Q107,24,0.0,0.0,0.0,0.0,0,7,0
v3,Q107,25,1.0,0.14285714285714285,0.25,0.14285714285714285,1,7,1
v3,Q108,1,0.0,0.0,0.0,0.0,0,5,0
v3,Q108,2,0.0,0.0,0.0,0.0,0,5,0
v3,Q108,3,0.0,0.0,0.0,0.0,0,5,0
v3,Q108,4,0.0,0.0,0.0,0.0,0,5,0
v3,Q108,5,0.0,0.0,0.0,0.0,0,5,0
v3,Q108,6,0.0,0.0,0.0,0.0,1,5,0
v3,Q108,7,0.0,0.0,0.0,0.0,1,5,0
v3,Q108,8,0.0,0.0,0.0,0.0,1,5,0
v3,Q108,9,0.0,0.0,0.0,0.0,1,5,0
v3,Q108,10,0.0,0.0,0.0,0.0,1,5,0
v3,Q108,11,0.0,0.0,0.0,0.0,0,5,0
v3,Q108,12,0.0,0.0,0.0,0.0,0,5,0
v3,Q108,13,0.0,0.0,0.0,0.0,1,5,0
v3,Q108,14,0.0,0.0,0.0,0.0,0,5,0
v3,Q108,15,0.0,0.0,0.0,0.0,0,5,0
v3,Q108,16,0.0,0.0,0.0,0.0,0,5,0
v3,Q108,17,0.0,0.0,0.0,0.0,0,5,0
v3,Q108,18,0.0,0.0,0.0,0.0,0,5,0
v3,Q108,19,0.0,0.0,0.0,0.0,0,5,0
v3,Q108,20,0.0,0.0,0.0,0.0,0,5,0
v3,Q108,21,0.0,0.0,0.0,0.0,0,5,0
v3,Q108,22,0.0,0.0,0.0,0.0,0,5,0
v3,Q108,23,0.0,0.0,0.0,0.0,0,5,0
v3,Q108,24,0.0,0.0,0.0,0.0,0,5,0
v3,Q108,25,0.0,0.0,0.0,0.0,0,5,0
v3,Q109,1,0.0,0.0,0.0,0.0,0,7,0
v3,Q109,2,0.0,0.0,0.0,0.0,0,7,0
v3,Q109,3,0.0,0.0,0.0,0.0,0,7,0
v3,Q109,4,0.0,0.0,0.0,0.0,0,7,0
v3,Q109,5,0.0,0.0,0.0,0.0,0,7,0
v3,Q109,6,0.0,0.0,0.0,0.0,0,7,0
v3,Q109,7,0.0,0.0,0.0,0.0,0,7,0
v3,Q109,8,0.0,0.0,0.0,0.0,0,7,0
v3,Q109,9,0.0,0.0,0.0,0.0,0,7,0
v3,Q109,10,0.0,0.0,0.0,0.0,0,7,0
v3,Q109,11,0.0,0.0,0.0,0.0,0,7,0
v3,Q109,12,0.0,0.0,0.0,0.0,0,7,0
v3,Q109,13,0.0,0.0,0.0,0.0,0,7,0
v3,Q109,14,0.0,0.0,0.0,0.0,0,7,0
v3,Q109,15,0.0,0.0,0.0,0.0,0,7,0
v3,Q109,16,0.0,0.0,0.0,0.0,0,7,0
v3,Q109,17,0.0,0.0,0.0,0.0,1,7,0
v3,Q109,18,0.0,0.0,0.0,0.0,0,7,0
v3,Q109,19,0.0,0.0,0.0,0.0,1,7,0
v3,Q109,20,0.0,0.0,0.0,0.0,0,7,0
v3,Q109,21,0.0,0.0,0.0,0.0,0,7,0
v3,Q109,22,0.0,0.0,0.0,0.0,0,7,0
v3,Q109,23,0.0,0.0,0.0,0.0,0,7,0
v3,Q109,24,0.0,0.0,0.0,0.0,0,7,0
v3,Q109,25,0.0,0.0,0.0,0.0,0,7,0
v3,Q11,1,0.0,0.0,0.0,0.0,0,5,0
v3,Q11,2,0.0,0.0,0.0,0.0,0,5,0
v3,Q11,3,0.0,0.0,0.0,0.0,0,5,0
v3,Q11,4,0.0,0.0,0.0,0.0,0,5,0
v3,Q11,5,0.0,0.0,0.0,0.0,0,5,0
v3,Q11,6,0.0,0.0,0.0,0.0,0,5,0
v3,Q11,7,0.0,0.0,0.0,0.0,0,5,0
v3,Q11,8,0.0,0.0,0.0,0.0,0,5,0
v3,Q11,9,0.0,0.0,0.0,0.0,0,5,0
v3,Q11,10,0.0,0.0,0.0,0.0,0,5,0
v3,Q11,11,0.0,0.0,0.0,0.0,0,5,0
v3,Q11,12,0.0,0.0,0.0,0.0,0,5,0
v3,Q11,13,0.0,0.0,0.0,0.0,0,5,0
v3,Q11,14,0.0,0.0,0.0,0.0,0,5,0
v3,Q11,15,0.0,0.0,0.0,0.0,0,5,0
v3,Q11,16,0.0,0.0,0.0,0.0,0,5,0
v3,Q11,17,0.0,0.0,0.0,0.0,0,5,0
v3,Q11,18,0.0,0.0,0.0,0.0,0,5,0
v3,Q11,19,0.0,0.0,0.0,0.0,0,5,0
v3,Q11,20,0.0,0.0,0.0,0.0,0,5,0
v3,Q11,21,0.0,0.0,0.0,0.0,0,5,0
v3,Q11,22,0.0,0.0,0.0,0.0,0,5,0
v3,Q11,23,0.0,0.0,0.0,0.0,0,5,0
v3,Q11,24,0.0,0.0,0.0,0.0,0,5,0
v3,Q11,25,0.0,0.0,0.0,0.0,0,5,0
v3,Q110,1,0.0,0.0,0.0,0.0,1,3,0
v3,Q110,2,0.0,0.0,0.0,0.0,1,3,0
v3,Q110,3,0.0,0.0,0.0,0.0,1,3,0
v3,Q110,4,0.0,0.0,0.0,0.0,1,3,0
v3,Q110,5,0.0,0.0,0.0,0.0,1,3,0
v3,Q110,6,0.0,0.0,0.0,0.0,1,3,0
v3,Q110,7,0.0,0.0,0.0,0.0,1,3,0
v3,Q110,8,0.0,0.0,0.0,0.0,0,3,0
v3,Q110,9,0.0,0.0,0.0,0.0,0,3,0
v3,Q110,10,0.0,0.0,0.0,0.0,1,3,0
v3,Q110,11,0.0,0.0,0.0,0.0,1,3,0
v3,Q110,12,0.0,0.0,0.0,0.0,1,3,0
v3,Q110,13,0.0,0.0,0.0,0.0,0,3,0
v3,Q110,14,0.0,0.0,0.0,0.0,0,3,0
v3,Q110,15,0.0,0.0,0.0,0.0,0,3,0
v3,Q110,16,0.0,0.0,0.0,0.0,0,3,0
v3,Q110,17,0.0,0.0,0.0,0.0,1,3,0
v3,Q110,18,0.0,0.0,0.0,0.0,1,3,0
v3,Q110,19,0.0,0.0,0.0,0.0,1,3,0
v3,Q110,20,0.0,0.0,0.0,0.0,0,3,0
v3,Q110,21,0.0,0.0,0.0,0.0,1,3,0
v3,Q110,22,0.0,0.0,0.0,0.0,1,3,0
v3,Q110,23,0.0,0.0,0.0,0.0,0,3,0
v3,Q110,24,0.0,0.0,0.0,0.0,0,3,0
v3,Q110,25,0.0,0.0,0.0,0.0,0,3,0
v3,Q111,1,0.0,0.0,0.0,0.0,1,1,0
v3,Q111,2,0.0,0.0,0.0,0.0,1,1,0
v3,Q111,3,0.0,0.0,0.0,0.0,1,1,0
v3,Q111,4,0.0,0.0,0.0,0.0,0,1,0
v3,Q111,5,0.0,0.0,0.0,0.0,0,1,0
v3,Q111,6,0.0,0.0,0.0,0.0,1,1,0
v3,Q111,7,0.0,0.0,0.0,0.0,0,1,0
v3,Q111,8,0.0,0.0,0.0,0.0,1,1,0
v3,Q111,9,0.0,0.0,0.0,0.0,0,1,0
v3,Q111,10,0.0,0.0,0.0,0.0,1,1,0
v3,Q111,11,0.0,0.0,0.0,0.0,1,1,0
v3,Q111,12,0.0,0.0,0.0,0.0,1,1,0
v3,Q111,13,0.0,0.0,0.0,0.0,0,1,0
v3,Q111,14,0.0,0.0,0.0,0.0,1,1,0
v3,Q111,15,0.0,0.0,0.0,0.0,1,1,0
v3,Q111,16,0.0,0.0,0.0,0.0,1,1,0
v3,Q111,17,0.0,0.0,0.0,0.0,0,1,0
v3,Q111,18,0.0,0.0,0.0,0.0,0,1,0
v3,Q111,19,0.0,0.0,0.0,0.0,1,1,0
v3,Q111,20,0.0,0.0,0.0,0.0,1,1,0
v3,Q111,21,0.0,0.0,0.0,0.0,1,1,0
v3,Q111,22,0.0,0.0,0.0,0.0,0,1,0
v3,Q111,23,0.0,0.0,0.0,0.0,1,1,0
v3,Q111,24,0.0,0.0,0.0,0.0,1,1,0
v3,Q111,25,0.0,0.0,0.0,0.0,1,1,0
v3,Q112,1,0.0,0.0,0.0,0.0,0,7,0
v3,Q112,2,0.0,0.0,0.0,0.0,0,7,0
v3,Q112,3,0.0,0.0,0.0,0.0,0,7,0
v3,Q112,4,0.0,0.0,0.0,0.0,0,7,0
v3,Q112,5,0.0,0.0,0.0,0.0,0,7,0
v3,Q112,6,0.0,0.0,0.0,0.0,0,7,0
v3,Q112,7,0.0,0.0,0.0,0.0,0,7,0
v3,Q112,8,0.0,0.0,0.0,0.0,0,7,0
v3,Q112,9,0.0,0.0,0.0,0.0,0,7,0
v3,Q112,10,0.0,0.0,0.0,0.0,0,7,0
v3,Q112,11,0.0,0.0,0.0,0.0,0,7,0
v3,Q112,12,0.0,0.0,0.0,0.0,0,7,0
v3,Q112,13,0.0,0.0,0.0,0.0,0,7,0
v3,Q112,14,0.0,0.0,0.0,0.0,0,7,0
v3,Q112,15,0.0,0.0,0.0,0.0,0,7,0
v3,Q112,16,0.0,0.0,0.0,0.0,0,7,0
v3,Q112,17,0.0,0.0,0.0,0.0,0,7,0
v3,Q112,18,0.0,0.0,0.0,0.0,0,7,0
v3,Q112,19,0.0,0.0,0.0,0.0,0,7,0
v3,Q112,20,0.0,0.0,0.0,0.0,0,7,0
v3,Q112,21,0.0,0.0,0.0,0.0,0,7,0
v3,Q112,22,0.0,0.0,0.0,0.0,0,7,0
v3,Q112,23,0.0,0.0,0.0,0.0,0,7,0
v3,Q112,24,0.0,0.0,0.0,0.0,0,7,0
v3,Q112,25,0.0,0.0,0.0,0.0,0,7,0
v3,Q113,1,0.0,0.0,0.0,0.0,0,8,0
v3,Q113,2,0.0,0.0,0.0,0.0,0,8,0
v3,Q113,3,0.0,0.0,0.0,0.0,0,8,0
v3,Q113,4,0.0,0.0,0.0,0.0,0,8,0
v3,Q113,5,0.0,0.0,0.0,0.0,0,8,0
v3,Q113,6,0.0,0.0,0.0,0.0,0,8,0
v3,Q113,7,0.0,0.0,0.0,0.0,0,8,0
v3,Q113,8,0.0,0.0,0.0,0.0,0,8,0
v3,Q113,9,0.0,0.0,0.0,0.0,0,8,0
v3,Q113,10,0.0,0.0,0.0,0.0,1,8,0
v3,Q113,11,0.0,0.0,0.0,0.0,1,8,0
v3,Q113,12,0.0,0.0,0.0,0.0,0,8,0
v3,Q113,13,0.0,0.0,0.0,0.0,0,8,0
v3,Q113,14,1.0,0.125,0.2222222222222222,0.125,1,8,1
v3,Q113,15,0.0,0.0,0.0,0.0,0,8,0
v3,Q113,16,0.0,0.0,0.0,0.0,0,8,0
v3,Q113,17,0.0,0.0,0.0,0.0,0,8,0
v3,Q113,18,0.0,0.0,0.0,0.0,0,8,0
v3,Q113,19,0.0,0.0,0.0,0.0,0,8,0
v3,Q113,20,0.0,0.0,0.0,0.0,0,8,0
v3,Q113,21,0.0,0.0,0.0,0.0,0,8,0
v3,Q113,22,1.0,0.125,0.2222222222222222,0.125,1,8,1
v3,Q113,23,0.0,0.0,0.0,0.0,0,8,0
v3,Q113,24,0.0,0.0,0.0,0.0,0,8,0
v3,Q113,25,0.0,0.0,0.0,0.0,0,8,0
v3,Q114,1,0.0,0.0,0.0,0.0,0,7,0
v3,Q114,2,0.0,0.0,0.0,0.0,1,7,0
v3,Q114,3,0.0,0.0,0.0,0.0,0,7,0
v3,Q114,4,0.0,0.0,0.0,0.0,0,7,0
v3,Q114,5,0.0,0.0,0.0,0.0,1,7,0
v3,Q114,6,0.0,0.0,0.0,0.0,0,7,0
v3,Q114,7,0.0,0.0,0.0,0.0,0,7,0
v3,Q114,8,0.0,0.0,0.0,0.0,0,7,0
v3,Q114,9,0.0,0.0,0.0,0.0,0,7,0
v3,Q114,10,0.0,0.0,0.0,0.0,1,7,0
v3,Q114,11,0.0,0.0,0.0,0.0,0,7,0
v3,Q114,12,0.0,0.0,0.0,0.0,0,7,0
v3,Q114,13,1.0,0.14285714285714285,0.25,0.14285714285714285,1,7,1
v3,Q114,14,0.0,0.0,0.0,0.0,1,7,0
v3,Q114,15,0.0,0.0,0.0,0.0,1,7,0
v3,Q114,16,0.0,0.0,0.0,0.0,1,7,0
v3,Q114,17,1.0,0.14285714285714285,0.25,0.14285714285714285,1,7,1
v3,Q114,18,0.0,0.0,0.0,0.0,0,7,0
v3,Q114,19,0.0,0.0,0.0,0.0,0,7,0
v3,Q114,20,0.0,0.0,0.0,0.0,0,7,0
v3,Q114,21,0.0,0.0,0.0,0.0,1,7,0
v3,Q114,22,0.0,0.0,0.0,0.0,1,7,0
v3,Q114,23,0.0,0.0,0.0,0.0,0,7,0
v3,Q114,24,0.0,0.0,0.0,0.0,1,7,0
v3,Q114,25,1.0,0.14285714285714285,0.25,0.14285714285714285,1,7,1
v3,Q115,1,0.0,0.0,0.0,0.0,0,5,0
v3,Q115,2,0.0,0.0,0.0,0.0,0,5,0
v3,Q115,3,0.0,0.0,0.0,0.0,0,5,0
v3,Q115,4,0.0,0.0,0.0,0.0,0,5,0
v3,Q115,5,0.0,0.0,0.0,0.0,0,5,0
v3,Q115,6,0.0,0.0,0.0,0.0,0,5,0
v3,Q115,7,0.0,0.0,0.0,0.0,0,5,0
v3,Q115,8,0.0,0.0,0.0,0.0,0,5,0
v3,Q115,9,0.0,0.0,0.0,0.0,0,5,0
v3,Q115,10,0.0,0.0,0.0,0.0,0,5,0
v3,Q115,11,0.0,0.0,0.0,0.0,0,5,0
v3,Q115,12,0.0,0.0,0.0,0.0,0,5,0
v3,Q115,13,1.0,0.2,0.33333333333333337,0.2,1,5,1
v3,Q115,14,0.0,0.0,0.0,0.0,0,5,0
v3,Q115,15,0.0,0.0,0.0,0.0,0,5,0
v3,Q115,16,0.0,0.0,0.0,0.0,0,5,0
v3,Q115,17,0.0,0.0,0.0,0.0,0,5,0
v3,Q115,18,0.0,0.0,0.0,0.0,0,5,0
v3,Q115,19,0.0,0.0,0.0,0.0,0,5,0
v3,Q115,20,0.0,0.0,0.0,0.0,0,5,0
v3,Q115,21,0.0,0.0,0.0,0.0,0,5,0
v3,Q115,22,0.0,0.0,0.0,0.0,0,5,0
v3,Q115,23,0.0,0.0,0.0,0.0,0,5,0
v3,Q115,24,1.0,0.2,0.33333333333333337,0.2,1,5,1
v3,Q115,25,0.0,0.0,0.0,0.0,0,5,0
v3,Q116,1,0.0,0.0,0.0,0.0,1,8,0
v3,Q116,2,0.0,0.0,0.0,0.0,1,8,0
v3,Q116,3,1.0,0.125,0.2222222222222222,0.125,1,8,1
v3,Q116,4,0.0,0.0,0.0,0.0,1,8,0
v3,Q116,5,0.0,0.0,0.0,0.0,1,8,0
v3,Q116,6,0.0,0.0,0.0,0.0,0,8,0
v3,Q116,7,0.0,0.0,0.0,0.0,0,8,0
v3,Q116,8,0.0,0.0,0.0,0.0,0,8,0
v3,Q116,9,0.0,0.0,0.0,0.0,0,8,0
v3,Q116,10,0.0,0.0,0.0,0.0,0,8,0
v3,Q116,11,0.0,0.0,0.0,0.0,0,8,0
v3,Q116,12,0.0,0.0,0.0,0.0,0,8,0
v3,Q116,13,0.0,0.0,0.0,0.0,0,8,0
v3,Q116,14,0.0,0.0,0.0,0.0,0,8,0
v3,Q116,15,0.0,0.0,0.0,0.0,0,8,0
v3,Q116,16,0.0,0.0,0.0,0.0,0,8,0
v3,Q116,17,1.0,0.125,0.2222222222222222,0.125,1,8,1
v3,Q116,18,0.0,0.0,0.0,0.0,1,8,0
v3,Q116,19,0.0,0.0,0.0,0.0,0,8,0
v3,Q116,20,0.0,0.0,0.0,0.0,0,8,0
v3,Q116,21,0.0,0.0,0.0,0.0,0,8,0
v3,Q116,22,0.0,0.0,0.0,0.0,0,8,0
v3,Q116,23,0.0,0.0,0.0,0.0,0,8,0
v3,Q116,24,0.0,0.0,0.0,0.0,1,8,0
v3,Q116,25,0.0,0.0,0.0,0.0,1,8,0
v3,Q117,1,0.0,0.0,0.0,0.0,0,5,0
v3,Q117,2,0.0,0.0,0.0,0.0,0,5,0
v3,Q117,3,0.0,0.0,0.0,0.0,0,5,0
v3,Q117,4,0.0,0.0,0.0,0.0,0,5,0
v3,Q117,5,0.0,0.0,0.0,0.0,0,5,0
v3,Q117,6,0.0,0.0,0.0,0.0,0,5,0
v3,Q117,7,0.0,0.0,0.0,0.0,0,5,0
v3,Q117,8,0.0,0.0,0.0,0.0,0,5,0
v3,Q117,9,0.0,0.0,0.0,0.0,0,5,0
v3,Q117,10,0.0,0.0,0.0,0.0,0,5,0
v3,Q117,11,0.0,0.0,0.0,0.0,0,5,0
v3,Q117,12,0.0,0.0,0.0,0.0,0,5,0
v3,Q117,13,0.0,0.0,0.0,0.0,0,5,0
v3,Q117,14,0.0,0.0,0.0,0.0,0,5,0
v3,Q117,15,0.0,0.0,0.0,0.0,0,5,0
v3,Q117,16,0.0,0.0,0.0,0.0,0,5,0
v3,Q117,17,0.0,0.0,0.0,0.0,0,5,0
v3,Q117,18,0.0,0.0,0.0,0.0,0,5,0
v3,Q117,19,0.0,0.0,0.0,0.0,0,5,0
v3,Q117,20,0.0,0.0,0.0,0.0,0,5,0
v3,Q117,21,0.0,0.0,0.0,0.0,0,5,0
v3,Q117,22,1.0,0.2,0.33333333333333337,0.2,1,5,1
v3,Q117,23,0.0,0.0,0.0,0.0,0,5,0
v3,Q117,24,0.0,0.0,0.0,0.0,0,5,0
v3,Q117,25,0.0,0.0,0.0,0.0,0,5,0
v3,Q118,1,0.0,0.0,0.0,0.0,0,3,0
v3,Q118,2,0.0,0.0,0.0,0.0,1,3,0
v3,Q118,3,0.0,0.0,0.0,0.0,1,3,0
v3,Q118,4,0.0,0.0,0.0,0.0,1,3,0
v3,Q118,5,0.0,0.0,0.0,0.0,0,3,0
v3,Q118,6,0.0,0.0,0.0,0.0,0,3,0
v3,Q118,7,0.0,0.0,0.0,0.0,1,3,0
v3,Q118,8,0.0,0.0,0.0,0.0,0,3,0
v3,Q118,9,0.0,0.0,0.0,0.0,1,3,0
v3,Q118,10,0.0,0.0,0.0,0.0,0,3,0
v3,Q118,11,0.0,0.0,0.0,0.0,0,3,0
v3,Q118,12,0.0,0.0,0.0,0.0,1,3,0
v3,Q118,13,0.0,0.0,0.0,0.0,0,3,0
v3,Q118,14,0.0,0.0,0.0,0.0,0,3,0
v3,Q118,15,0.0,0.0,0.0,0.0,1,3,0
v3,Q118,16,0.0,0.0,0.0,0.0,1,3,0
v3,Q118,17,0.0,0.0,0.0,0.0,1,3,0
v3,Q118,18,0.0,0.0,0.0,0.0,0,3,0
v3,Q118,19,0.0,0.0,0.0,0.0,0,3,0
v3,Q118,20,0.0,0.0,0.0,0.0,0,3,0
v3,Q118,21,0.0,0.0,0.0,0.0,0,3,0
v3,Q118,22,0.0,0.0,0.0,0.0,0,3,0
v3,Q118,23,0.0,0.0,0.0,0.0,1,3,0
v3,Q118,24,0.0,0.0,0.0,0.0,0,3,0
v3,Q118,25,0.0,0.0,0.0,0.0,1,3,0
v3,Q119,1,0.0,0.0,0.0,0.0,0,7,0
v3,Q119,2,0.0,0.0,0.0,0.0,0,7,0
v3,Q119,3,1.0,0.14285714285714285,0.25,0.14285714285714285,1,7,1
v3,Q119,4,0.0,0.0,0.0,0.0,0,7,0
v3,Q119,5,0.0,0.0,0.0,0.0,0,7,0
v3,Q119,6,0.0,0.0,0.0,0.0,0,7,0
v3,Q119,7,1.0,0.14285714285714285,0.25,0.14285714285714285,1,7,1
v3,Q119,8,0.0,0.0,0.0,0.0,0,7,0
v3,Q119,9,0.0,0.0,0.0,0.0,0,7,0
v3,Q119,10,0.0,0.0,0.0,0.0,0,7,0
v3,Q119,11,0.0,0.0,0.0,0.0,0,7,0
v3,Q119,12,0.0,0.0,0.0,0.0,1,7,0
v3,Q119,13,0.0,0.0,0.0,0.0,0,7,0
v3,Q119,14,1.0,0.14285714285714285,0.25,0.14285714285714285,1,7,1
v3,Q119,15,0.0,0.0,0.0,0.0,0,7,0
v3,Q119,16,0.0,0.0,0.0,0.0,1,7,0
v3,Q119,17,1.0,0.14285714285714285,0.25,0.14285714285714285,1,7,1
v3,Q119,18,0.0,0.0,0.0,0.0,0,7,0
v3,Q119,19,0.0,0.0,0.0,0.0,0,7,0
v3,Q119,20,0.0,0.0,0.0,0.0,0,7,0
v3,Q119,21,0.0,0.0,0.0,0.0,0,7,0
v3,Q119,22,0.0,0.0,0.0,0.0,1,7,0
v3,Q119,23,1.0,0.14285714285714285,0.25,0.14285714285714285,1,7,1
v3,Q119,24,1.0,0.14285714285714285,0.25,0.14285714285714285,1,7,1
v3,Q119,25,0.0,0.0,0.0,0.0,0,7,0
v3,Q12,1,0.0,0.0,0.0,0.0,0,1,0
v3,Q12,2,0.0,0.0,0.0,0.0,0,1,0
v3,Q12,3,0.0,0.0,0.0,0.0,0,1,0
v3,Q12,4,0.0,0.0,0.0,0.0,0,1,0
v3,Q12,5,0.0,0.0,0.0,0.0,0,1,0
v3,Q12,6,0.0,0.0,0.0,0.0,0,1,0
v3,Q12,7,0.0,0.0,0.0,0.0,0,1,0
v3,Q12,8,0.0,0.0,0.0,0.0,0,1,0
v3,Q12,9,0.0,0.0,0.0,0.0,0,1,0
v3,Q12,10,0.0,0.0,0.0,0.0,0,1,0
v3,Q12,11,0.0,0.0,0.0,0.0,0,1,0
v3,Q12,12,0.0,0.0,0.0,0.0,0,1,0
v3,Q12,13,0.0,0.0,0.0,0.0,0,1,0
v3,Q12,14,0.0,0.0,0.0,0.0,0,1,0
v3,Q12,15,0.0,0.0,0.0,0.0,0,1,0
v3,Q12,16,0.0,0.0,0.0,0.0,0,1,0
v3,Q12,17,0.0,0.0,0.0,0.0,0,1,0
v3,Q12,18,0.0,0.0,0.0,0.0,0,1,0
v3,Q12,19,0.0,0.0,0.0,0.0,0,1,0
v3,Q12,20,0.0,0.0,0.0,0.0,0,1,0
v3,Q12,21,0.0,0.0,0.0,0.0,0,1,0
v3,Q12,22,0.0,0.0,0.0,0.0,0,1,0
v3,Q12,23,0.0,0.0,0.0,0.0,0,1,0
v3,Q12,24,0.0,0.0,0.0,0.0,0,1,0
v3,Q12,25,0.0,0.0,0.0,0.0,0,1,0
v3,Q120,1,0.0,0.0,0.0,0.0,0,9,0
v3,Q120,2,1.0,0.1111111111111111,0.19999999999999998,0.1111111111111111,1,9,1
v3,Q120,3,0.0,0.0,0.0,0.0,0,9,0
v3,Q120,4,1.0,0.1111111111111111,0.19999999999999998,0.1111111111111111,1,9,1
v3,Q120,5,0.0,0.0,0.0,0.0,0,9,0
v3,Q120,6,0.0,0.0,0.0,0.0,0,9,0
v3,Q120,7,0.0,0.0,0.0,0.0,0,9,0
v3,Q120,8,0.0,0.0,0.0,0.0,0,9,0
v3,Q120,9,0.0,0.0,0.0,0.0,0,9,0
v3,Q120,10,1.0,0.1111111111111111,0.19999999999999998,0.1111111111111111,1,9,1
v3,Q120,11,0.0,0.0,0.0,0.0,0,9,0
v3,Q120,12,1.0,0.1111111111111111,0.19999999999999998,0.1111111111111111,1,9,1
v3,Q120,13,0.0,0.0,0.0,0.0,0,9,0
v3,Q120,14,0.0,0.0,0.0,0.0,0,9,0
v3,Q120,15,0.0,0.0,0.0,0.0,0,9,0
v3,Q120,16,1.0,0.1111111111111111,0.19999999999999998,0.1111111111111111,1,9,1
v3,Q120,17,0.0,0.0,0.0,0.0,0,9,0
v3,Q120,18,0.0,0.0,0.0,0.0,0,9,0
v3,Q120,19,1.0,0.1111111111111111,0.19999999999999998,0.1111111111111111,1,9,1
v3,Q120,20,0.0,0.0,0.0,0.0,0,9,0
v3,Q120,21,0.0,0.0,0.0,0.0,0,9,0
v3,Q120,22,0.0,0.0,0.0,0.0,0,9,0
v3,Q120,23,0.0,0.0,0.0,0.0,0,9,0
v3,Q120,24,0.0,0.0,0.0,0.0,0,9,0
v3,Q120,25,0.0,0.0,0.0,0.0,0,9,0
v3,Q121,1,0.0,0.0,0.0,0.0,0,9,0
v3,Q121,2,0.0,0.0,0.0,0.0,0,9,0
v3,Q121,3,0.0,0.0,0.0,0.0,0,9,0
v3,Q121,4,0.0,0.0,0.0,0.0,0,9,0
v3,Q121,5,0.0,0.0,0.0,0.0,0,9,0
v3,Q121,6,0.0,0.0,0.0,0.0,0,9,0
v3,Q121,7,0.0,0.0,0.0,0.0,0,9,0
v3,Q121,8,0.0,0.0,0.0,0.0,0,9,0
v3,Q121,9,0.0,0.0,0.0,0.0,0,9,0
v3,Q121,10,0.0,0.0,0.0,0.0,0,9,0
v3,Q121,11,0.0,0.0,0.0,0.0,0,9,0
v3,Q121,12,0.0,0.0,0.0,0.0,0,9,0
v3,Q121,13,0.0,0.0,0.0,0.0,0,9,0
v3,Q121,14,0.0,0.0,0.0,0.0,0,9,0
v3,Q121,15,0.0,0.0,0.0,0.0,0,9,0
v3,Q121,16,0.0,0.0,0.0,0.0,0,9,0
v3,Q121,17,0.0,0.0,0.0,0.0,0,9,0
v3,Q121,18,0.0,0.0,0.0,0.0,0,9,0
v3,Q121,19,0.0,0.0,0.0,0.0,0,9,0
v3,Q121,20,0.0,0.0,0.0,0.0,0,9,0
v3,Q121,21,0.0,0.0,0.0,0.0,0,9,0
v3,Q121,22,0.0,0.0,0.0,0.0,0,9,0
v3,Q121,23,0.0,0.0,0.0,0.0,0,9,0
v3,Q121,24,0.0,0.0,0.0,0.0,0,9,0
v3,Q121,25,0.0,0.0,0.0,0.0,0,9,0
v3,Q122,1,0.0,0.0,0.0,0.0,0,5,0
v3,Q122,2,0.0,0.0,0.0,0.0,0,5,0
v3,Q122,3,0.0,0.0,0.0,0.0,0,5,0
v3,Q122,4,0.0,0.0,0.0,0.0,0,5,0
v3,Q122,5,0.0,0.0,0.0,0.0,0,5,0
v3,Q122,6,0.0,0.0,0.0,0.0,0,5,0
v3,Q122,7,0.0,0.0,0.0,0.0,0,5,0
v3,Q122,8,0.0,0.0,0.0,0.0,0,5,0
v3,Q122,9,0.0,0.0,0.0,0.0,0,5,0
v3,Q122,10,0.0,0.0,0.0,0.0,0,5,0
v3,Q122,11,0.0,0.0,0.0,0.0,0,5,0
v3,Q122,12,0.0,0.0,0.0,0.0,0,5,0
v3,Q122,13,0.0,0.0,0.0,0.0,0,5,0
v3,Q122,14,0.0,0.0,0.0,0.0,0,5,0
v3,Q122,15,0.0,0.0,0.0,0.0,0,5,0
v3,Q122,16,0.0,0.0,0.0,0.0,0,5,0
v3,Q122,17,0.0,0.0,0.0,0.0,0,5,0
v3,Q122,18,0.0,0.0,0.0,0.0,0,5,0
v3,Q122,19,0.0,0.0,0.0,0.0,0,5,0
v3,Q122,20,0.0,0.0,0.0,0.0,0,5,0
v3,Q122,21,0.0,0.0,0.0,0.0,0,5,0
v3,Q122,22,0.0,0.0,0.0,0.0,0,5,0
v3,Q122,23,0.0,0.0,0.0,0.0,0,5,0
v3,Q122,24,0.0,0.0,0.0,0.0,0,5,0
v3,Q122,25,0.0,0.0,0.0,0.0,0,5,0
v3,Q123,1,0.0,0.0,0.0,0.0,0,5,0
v3,Q123,2,0.0,0.0,0.0,0.0,0,5,0
v3,Q123,3,0.0,0.0,0.0,0.0,0,5,0
v3,Q123,4,1.0,0.2,0.33333333333333337,0.2,1,5,1
v3,Q123,5,1.0,0.2,0.33333333333333337,0.2,1,5,1
v3,Q123,6,0.0,0.0,0.0,0.0,0,5,0
v3,Q123,7,0.0,0.0,0.0,0.0,0,5,0
v3,Q123,8,0.0,0.0,0.0,0.0,0,5,0
v3,Q123,9,0.0,0.0,0.0,0.0,0,5,0
v3,Q123,10,0.0,0.0,0.0,0.0,0,5,0
v3,Q123,11,0.0,0.0,0.0,0.0,0,5,0
v3,Q123,12,0.0,0.0,0.0,0.0,0,5,0
v3,Q123,13,0.0,0.0,0.0,0.0,0,5,0
v3,Q123,14,0.0,0.0,0.0,0.0,0,5,0
v3,Q123,15,0.0,0.0,0.0,0.0,0,5,0
v3,Q123,16,0.0,0.0,0.0,0.0,0,5,0
v3,Q123,17,0.0,0.0,0.0,0.0,0,5,0
v3,Q123,18,0.0,0.0,0.0,0.0,0,5,0
v3,Q123,19,0.0,0.0,0.0,0.0,0,5,0
v3,Q123,20,0.0,0.0,0.0,0.0,0,5,0
v3,Q123,21,0.0,0.0,0.0,0.0,0,5,0
v3,Q123,22,0.0,0.0,0.0,0.0,0,5,0
v3,Q123,23,0.0,0.0,0.0,0.0,0,5,0
v3,Q123,24,0.0,0.0,0.0,0.0,0,5,0
v3,Q123,25,0.0,0.0,0.0,0.0,0,5,0
v3,Q124,1,0.0,0.0,0.0,0.0,0,1,0
v3,Q124,2,0.0,0.0,0.0,0.0,0,1,0
v3,Q124,3,0.0,0.0,0.0,0.0,0,1,0
v3,Q124,4,0.0,0.0,0.0,0.0,0,1,0
v3,Q124,5,0.0,0.0,0.0,0.0,0,1,0
v3,Q124,6,0.0,0.0,0.0,0.0,1,1,0
v3,Q124,7,0.0,0.0,0.0,0.0,0,1,0
v3,Q124,8,0.0,0.0,0.0,0.0,1,1,0
v3,Q124,9,0.0,0.0,0.0,0.0,0,1,0
v3,Q124,10,0.0,0.0,0.0,0.0,0,1,0
v3,Q124,11,0.0,0.0,0.0,0.0,0,1,0
v3,Q124,12,0.0,0.0,0.0,0.0,0,1,0
v3,Q124,13,0.0,0.0,0.0,0.0,1,1,0
v3,Q124,14,0.0,0.0,0.0,0.0,0,1,0
v3,Q124,15,0.0,0.0,0.0,0.0,1,1,0
v3,Q124,16,0.0,0.0,0.0,0.0,1,1,0
v3,Q124,17,0.0,0.0,0.0,0.0,1,1,0
v3,Q124,18,0.0,0.0,0.0,0.0,0,1,0
v3,Q124,19,0.0,0.0,0.0,0.0,1,1,0
v3,Q124,20,0.0,0.0,0.0,0.0,0,1,0
v3,Q124,21,0.0,0.0,0.0,0.0,1,1,0
v3,Q124,22,0.0,0.0,0.0,0.0,0,1,0
v3,Q124,23,0.0,0.0,0.0,0.0,0,1,0
v3,Q124,24,0.0,0.0,0.0,0.0,0,1,0
v3,Q124,25,0.0,0.0,0.0,0.0,0,1,0
v3,Q125,1,1.0,0.2,0.33333333333333337,0.2,1,5,1
v3,Q125,2,0.0,0.0,0.0,0.0,0,5,0
v3,Q125,3,0.0,0.0,0.0,0.0,0,5,0
v3,Q125,4,0.0,0.0,0.0,0.0,0,5,0
v3,Q125,5,0.0,0.0,0.0,0.0,0,5,0
v3,Q125,6,0.0,0.0,0.0,0.0,0,5,0
v3,Q125,7,0.0,0.0,0.0,0.0,0,5,0
v3,Q125,8,0.0,0.0,0.0,0.0,0,5,0
v3,Q125,9,0.0,0.0,0.0,0.0,0,5,0
v3,Q125,10,0.0,0.0,0.0,0.0,0,5,0
v3,Q125,11,0.0,0.0,0.0,0.0,0,5,0
v3,Q125,12,0.0,0.0,0.0,0.0,0,5,0
v3,Q125,13,0.0,0.0,0.0,0.0,0,5,0
v3,Q125,14,0.0,0.0,0.0,0.0,0,5,0
v3,Q125,15,0.0,0.0,0.0,0.0,0,5,0
v3,Q125,16,0.0,0.0,0.0,0.0,0,5,0
v3,Q125,17,0.0,0.0,0.0,0.0,0,5,0
v3,Q125,18,0.0,0.0,0.0,0.0,0,5,0
v3,Q125,19,0.0,0.0,0.0,0.0,0,5,0
v3,Q125,20,0.0,0.0,0.0,0.0,0,5,0
v3,Q125,21,0.0,0.0,0.0,0.0,0,5,0
v3,Q125,22,0.0,0.0,0.0,0.0,0,5,0
v3,Q125,23,0.0,0.0,0.0,0.0,0,5,0
v3,Q125,24,0.0,0.0,0.0,0.0,0,5,0
v3,Q125,25,0.0,0.0,0.0,0.0,0,5,0
v3,Q126,1,0.0,0.0,0.0,0.0,0,5,0
v3,Q126,2,0.0,0.0,0.0,0.0,0,5,0
v3,Q126,3,0.0,0.0,0.0,0.0,0,5,0
v3,Q126,4,0.0,0.0,0.0,0.0,0,5,0
v3,Q126,5,0.0,0.0,0.0,0.0,0,5,0
v3,Q126,6,0.0,0.0,0.0,0.0,0,5,0
v3,Q126,7,0.0,0.0,0.0,0.0,0,5,0
v3,Q126,8,0.0,0.0,0.0,0.0,0,5,0
v3,Q126,9,0.0,0.0,0.0,0.0,0,5,0
v3,Q126,10,0.0,0.0,0.0,0.0,0,5,0
v3,Q126,11,0.0,0.0,0.0,0.0,0,5,0
v3,Q126,12,0.0,0.0,0.0,0.0,0,5,0
v3,Q126,13,0.0,0.0,0.0,0.0,0,5,0
v3,Q126,14,0.0,0.0,0.0,0.0,0,5,0
v3,Q126,15,0.0,0.0,0.0,0.0,0,5,0
v3,Q126,16,0.0,0.0,0.0,0.0,1,5,0
v3,Q126,17,0.0,0.0,0.0,0.0,0,5,0
v3,Q126,18,0.0,0.0,0.0,0.0,0,5,0
v3,Q126,19,0.0,0.0,0.0,0.0,0,5,0
v3,Q126,20,0.0,0.0,0.0,0.0,0,5,0
v3,Q126,21,0.0,0.0,0.0,0.0,0,5,0
v3,Q126,22,0.0,0.0,0.0,0.0,0,5,0
v3,Q126,23,0.0,0.0,0.0,0.0,0,5,0
v3,Q126,24,0.0,0.0,0.0,0.0,0,5,0
v3,Q126,25,0.0,0.0,0.0,0.0,0,5,0
v3,Q127,1,0.0,0.0,0.0,0.0,0,7,0
v3,Q127,2,0.0,0.0,0.0,0.0,0,7,0
v3,Q127,3,0.0,0.0,0.0,0.0,0,7,0
v3,Q127,4,0.0,0.0,0.0,0.0,0,7,0
v3,Q127,5,0.0,0.0,0.0,0.0,0,7,0
v3,Q127,6,0.0,0.0,0.0,0.0,0,7,0
v3,Q127,7,0.0,0.0,0.0,0.0,0,7,0
v3,Q127,8,0.0,0.0,0.0,0.0,0,7,0
v3,Q127,9,0.0,0.0,0.0,0.0,0,7,0
v3,Q127,10,0.0,0.0,0.0,0.0,0,7,0
v3,Q127,11,0.0,0.0,0.0,0.0,0,7,0
v3,Q127,12,1.0,0.14285714285714285,0.25,0.14285714285714285,1,7,1
v3,Q127,13,0.0,0.0,0.0,0.0,0,7,0
v3,Q127,14,0.0,0.0,0.0,0.0,0,7,0
v3,Q127,15,0.0,0.0,0.0,0.0,0,7,0
v3,Q127,16,0.0,0.0,0.0,0.0,0,7,0
v3,Q127,17,0.0,0.0,0.0,0.0,1,7,0
v3,Q127,18,0.0,0.0,0.0,0.0,0,7,0
v3,Q127,19,0.0,0.0,0.0,0.0,0,7,0
v3,Q127,20,0.0,0.0,0.0,0.0,0,7,0
v3,Q127,21,0.0,0.0,0.0,0.0,0,7,0
v3,Q127,22,0.0,0.0,0.0,0.0,0,7,0
v3,Q127,23,0.0,0.0,0.0,0.0,0,7,0
v3,Q127,24,0.0,0.0,0.0,0.0,0,7,0
v3,Q127,25,0.0,0.0,0.0,0.0,0,7,0
v3,Q128,1,0.0,0.0,0.0,0.0,0,6,0
v3,Q128,2,0.0,0.0,0.0,0.0,0,6,0
v3,Q128,3,1.0,0.16666666666666666,0.2857142857142857,0.16666666666666666,1,6,1
v3,Q128,4,0.0,0.0,0.0,0.0,0,6,0
v3,Q128,5,1.0,0.16666666666666666,0.2857142857142857,0.16666666666666666,1,6,1
v3,Q128,6,0.0,0.0,0.0,0.0,0,6,0
v3,Q128,7,0.0,0.0,0.0,0.0,0,6,0
v3,Q128,8,0.0,0.0,0.0,0.0,0,6,0
v3,Q128,9,1.0,0.16666666666666666,0.2857142857142857,0.16666666666666666,1,6,1
v3,Q128,10,0.0,0.0,0.0,0.0,0,6,0
v3,Q128,11,0.0,0.0,0.0,0.0,0,6,0
v3,Q128,12,1.0,0.16666666666666666,0.2857142857142857,0.16666666666666666,1,6,1
v3,Q128,13,0.0,0.0,0.0,0.0,0,6,0
v3,Q128,14,1.0,0.16666666666666666,0.2857142857142857,0.16666666666666666,1,6,1
v3,Q128,15,0.0,0.0,0.0,0.0,0,6,0
v3,Q128,16,1.0,0.16666666666666666,0.2857142857142857,0.16666666666666666,1,6,1
v3,Q128,17,0.0,0.0,0.0,0.0,0,6,0
v3,Q128,18,0.0,0.0,0.0,0.0,0,6,0
v3,Q128,19,1.0,0.16666666666666666,0.2857142857142857,0.16666666666666666,1,6,1
v3,Q128,20,1.0,0.16666666666666666,0.2857142857142857,0.16666666666666666,1,6,1
v3,Q128,21,1.0,0.16666666666666666,0.2857142857142857,0.16666666666666666,1,6,1
v3,Q128,22,0.0,0.0,0.0,0.0,0,6,0
v3,Q128,23,0.0,0.0,0.0,0.0,0,6,0
v3,Q128,24,1.0,0.16666666666666666,0.2857142857142857,0.16666666666666666,1,6,1
v3,Q128,25,1.0,0.16666666666666666,0.2857142857142857,0.16666666666666666,1,6,1
v3,Q129,1,0.0,0.0,0.0,0.0,0,8,0
v3,Q129,2,0.0,0.0,0.0,0.0,0,8,0
v3,Q129,3,0.0,0.0,0.0,0.0,1,8,0
v3,Q129,4,0.0,0.0,0.0,0.0,0,8,0
v3,Q129,5,0.5,0.125,0.2,0.1111111111111111,2,8,1
v3,Q129,6,0.0,0.0,0.0,0.0,1,8,0
v3,Q129,7,0.0,0.0,0.0,0.0,0,8,0
v3,Q129,8,0.0,0.0,0.0,0.0,0,8,0
v3,Q129,9,0.0,0.0,0.0,0.0,0,8,0
v3,Q129,10,0.0,0.0,0.0,0.0,0,8,0
v3,Q129,11,0.0,0.0,0.0,0.0,0,8,0
v3,Q129,12,0.0,0.0,0.0,0.0,0,8,0
v3,Q129,13,0.0,0.0,0.0,0.0,0,8,0
v3,Q129,14,0.0,0.0,0.0,0.0,0,8,0
v3,Q129,15,0.0,0.0,0.0,0.0,1,8,0
v3,Q129,16,0.0,0.0,0.0,0.0,0,8,0
v3,Q129,17,0.0,0.0,0.0,0.0,1,8,0
v3,Q129,18,0.0,0.0,0.0,0.0,0,8,0
v3,Q129,19,0.0,0.0,0.0,0.0,0,8,0
v3,Q129,20,0.0,0.0,0.0,0.0,0,8,0
v3,Q129,21,0.0,0.0,0.0,0.0,0,8,0
v3,Q129,22,0.0,0.0,0.0,0.0,0,8,0
v3,Q129,23,0.0,0.0,0.0,0.0,1,8,0
v3,Q129,24,0.0,0.0,0.0,0.0,0,8,0
v3,Q129,25,0.0,0.0,0.0,0.0,1,8,0
v3,Q13,1,0.0,0.0,0.0,0.0,0,1,0
v3,Q13,2,0.0,0.0,0.0,0.0,0,1,0
v3,Q13,3,0.0,0.0,0.0,0.0,0,1,0
v3,Q13,4,0.0,0.0,0.0,0.0,0,1,0
v3,Q13,5,0.0,0.0,0.0,0.0,0,1,0
v3,Q13,6,0.0,0.0,0.0,0.0,0,1,0
v3,Q13,7,0.0,0.0,0.0,0.0,0,1,0
v3,Q13,8,0.0,0.0,0.0,0.0,0,1,0
v3,Q13,9,0.0,0.0,0.0,0.0,0,1,0
v3,Q13,10,0.0,0.0,0.0,0.0,0,1,0
v3,Q13,11,0.0,0.0,0.0,0.0,0,1,0
v3,Q13,12,0.0,0.0,0.0,0.0,0,1,0
v3,Q13,13,0.0,0.0,0.0,0.0,0,1,0
v3,Q13,14,0.0,0.0,0.0,0.0,0,1,0
v3,Q13,15,0.0,0.0,0.0,0.0,0,1,0
v3,Q13,16,0.0,0.0,0.0,0.0,0,1,0
v3,Q13,17,0.0,0.0,0.0,0.0,0,1,0
v3,Q13,18,0.0,0.0,0.0,0.0,0,1,0
v3,Q13,19,0.0,0.0,0.0,0.0,0,1,0
v3,Q13,20,0.0,0.0,0.0,0.0,0,1,0
v3,Q13,21,0.0,0.0,0.0,0.0,0,1,0
v3,Q13,22,0.0,0.0,0.0,0.0,0,1,0
v3,Q13,23,0.0,0.0,0.0,0.0,0,1,0
v3,Q13,24,0.0,0.0,0.0,0.0,0,1,0
v3,Q13,25,0.0,0.0,0.0,0.0,0,1,0
v3,Q130,1,0.0,0.0,0.0,0.0,0,8,0
v3,Q130,2,0.0,0.0,0.0,0.0,1,8,0
v3,Q130,3,0.0,0.0,0.0,0.0,0,8,0
v3,Q130,4,0.0,0.0,0.0,0.0,0,8,0
v3,Q130,5,0.0,0.0,0.0,0.0,0,8,0
v3,Q130,6,0.0,0.0,0.0,0.0,0,8,0
v3,Q130,7,0.0,0.0,0.0,0.0,1,8,0
v3,Q130,8,0.0,0.0,0.0,0.0,0,8,0
v3,Q130,9,0.0,0.0,0.0,0.0,0,8,0
v3,Q130,10,0.0,0.0,0.0,0.0,0,8,0
v3,Q130,11,0.0,0.0,0.0,0.0,0,8,0
v3,Q130,12,0.0,0.0,0.0,0.0,0,8,0
v3,Q130,13,0.0,0.0,0.0,0.0,0,8,0
v3,Q130,14,0.0,0.0,0.0,0.0,0,8,0
v3,Q130,15,0.0,0.0,0.0,0.0,0,8,0
v3,Q130,16,0.0,0.0,0.0,0.0,0,8,0
v3,Q130,17,0.0,0.0,0.0,0.0,0,8,0
v3,Q130,18,0.0,0.0,0.0,0.0,0,8,0
v3,Q130,19,0.0,0.0,0.0,0.0,0,8,0
v3,Q130,20,0.0,0.0,0.0,0.0,0,8,0
v3,Q130,21,0.0,0.0,0.0,0.0,0,8,0
v3,Q130,22,0.0,0.0,0.0,0.0,0,8,0
v3,Q130,23,0.0,0.0,0.0,0.0,0,8,0
v3,Q130,24,0.0,0.0,0.0,0.0,0,8,0
v3,Q130,25,0.0,0.0,0.0,0.0,0,8,0
v3,Q131,1,0.0,0.0,0.0,0.0,0,5,0
v3,Q131,2,0.0,0.0,0.0,0.0,0,5,0
v3,Q131,3,0.0,0.0,0.0,0.0,0,5,0
v3,Q131,4,0.0,0.0,0.0,0.0,0,5,0
v3,Q131,5,0.0,0.0,0.0,0.0,0,5,0
v3,Q131,6,0.0,0.0,0.0,0.0,0,5,0
v3,Q131,7,0.0,0.0,0.0,0.0,0,5,0
v3,Q131,8,0.0,0.0,0.0,0.0,0,5,0
v3,Q131,9,0.0,0.0,0.0,0.0,0,5,0
v3,Q131,10,0.0,0.0,0.0,0.0,0,5,0
v3,Q131,11,0.0,0.0,0.0,0.0,0,5,0
v3,Q131,12,0.0,0.0,0.0,0.0,0,5,0
v3,Q131,13,0.0,0.0,0.0,0.0,0,5,0
v3,Q131,14,0.0,0.0,0.0,0.0,0,5,0
v3,Q131,15,0.0,0.0,0.0,0.0,1,5,0
v3,Q131,16,0.0,0.0,0.0,0.0,0,5,0
v3,Q131,17,0.0,0.0,0.0,0.0,0,5,0
v3,Q131,18,0.0,0.0,0.0,0.0,0,5,0
v3,Q131,19,0.0,0.0,0.0,0.0,0,5,0
v3,Q131,20,0.0,0.0,0.0,0.0,0,5,0
v3,Q131,21,0.0,0.0,0.0,0.0,0,5,0
v3,Q131,22,0.0,0.0,0.0,0.0,0,5,0
v3,Q131,23,0.0,0.0,0.0,0.0,0,5,0
v3,Q131,24,0.0,0.0,0.0,0.0,0,5,0
v3,Q131,25,0.0,0.0,0.0,0.0,0,5,0
v3,Q132,1,1.0,0.14285714285714285,0.25,0.14285714285714285,1,7,1
v3,Q132,2,0.0,0.0,0.0,0.0,0,7,0
v3,Q132,3,0.0,0.0,0.0,0.0,0,7,0
v3,Q132,4,1.0,0.14285714285714285,0.25,0.14285714285714285,1,7,1
v3,Q132,5,1.0,0.14285714285714285,0.25,0.14285714285714285,1,7,1
v3,Q132,6,1.0,0.14285714285714285,0.25,0.14285714285714285,1,7,1
v3,Q132,7,1.0,0.14285714285714285,0.25,0.14285714285714285,1,7,1
v3,Q132,8,0.0,0.0,0.0,0.0,0,7,0
v3,Q132,9,1.0,0.14285714285714285,0.25,0.14285714285714285,1,7,1
v3,Q132,10,1.0,0.14285714285714285,0.25,0.14285714285714285,1,7,1
v3,Q132,11,1.0,0.14285714285714285,0.25,0.14285714285714285,1,7,1
v3,Q132,12,0.0,0.0,0.0,0.0,0,7,0
v3,Q132,13,1.0,0.14285714285714285,0.25,0.14285714285714285,1,7,1
v3,Q132,14,1.0,0.14285714285714285,0.25,0.14285714285714285,1,7,1
v3,Q132,15,0.0,0.0,0.0,0.0,0,7,0
v3,Q132,16,0.0,0.0,0.0,0.0,0,7,0
v3,Q132,17,0.0,0.0,0.0,0.0,0,7,0
v3,Q132,18,1.0,0.14285714285714285,0.25,0.14285714285714285,1,7,1
v3,Q132,19,0.0,0.0,0.0,0.0,1,7,0
v3,Q132,20,1.0,0.14285714285714285,0.25,0.14285714285714285,1,7,1
v3,Q132,21,1.0,0.14285714285714285,0.25,0.14285714285714285,1,7,1
v3,Q132,22,0.0,0.0,0.0,0.0,0,7,0
v3,Q132,23,0.0,0.0,0.0,0.0,1,7,0
v3,Q132,24,0.0,0.0,0.0,0.0,0,7,0
v3,Q132,25,1.0,0.14285714285714285,0.25,0.14285714285714285,1,7,1
v3,Q133,1,1.0,0.2,0.33333333333333337,0.2,1,5,1
v3,Q133,2,0.0,0.0,0.0,0.0,0,5,0
v3,Q133,3,0.0,0.0,0.0,0.0,0,5,0
v3,Q133,4,0.0,0.0,0.0,0.0,0,5,0
v3,Q133,5,0.0,0.0,0.0,0.0,0,5,0
v3,Q133,6,0.0,0.0,0.0,0.0,0,5,0
v3,Q133,7,0.0,0.0,0.0,0.0,0,5,0
v3,Q133,8,0.0,0.0,0.0,0.0,0,5,0
v3,Q133,9,0.0,0.0,0.0,0.0,0,5,0
v3,Q133,10,0.0,0.0,0.0,0.0,0,5,0
v3,Q133,11,0.0,0.0,0.0,0.0,0,5,0
v3,Q133,12,0.0,0.0,0.0,0.0,0,5,0
v3,Q133,13,0.0,0.0,0.0,0.0,0,5,0
v3,Q133,14,0.0,0.0,0.0,0.0,0,5,0
v3,Q133,15,0.0,0.0,0.0,0.0,0,5,0
v3,Q133,16,0.0,0.0,0.0,0.0,0,5,0
v3,Q133,17,0.0,0.0,0.0,0.0,0,5,0
v3,Q133,18,0.0,0.0,0.0,0.0,0,5,0
v3,Q133,19,0.0,0.0,0.0,0.0,0,5,0
v3,Q133,20,0.0,0.0,0.0,0.0,0,5,0
v3,Q133,21,0.0,0.0,0.0,0.0,0,5,0
v3,Q133,22,0.0,0.0,0.0,0.0,0,5,0
v3,Q133,23,0.0,0.0,0.0,0.0,0,5,0
v3,Q133,24,0.0,0.0,0.0,0.0,0,5,0
v3,Q133,25,0.0,0.0,0.0,0.0,0,5,0
v3,Q134,1,0.0,0.0,0.0,0.0,0,7,0
v3,Q134,2,1.0,0.14285714285714285,0.25,0.14285714285714285,1,7,1
v3,Q134,3,1.0,0.14285714285714285,0.25,0.14285714285714285,1,7,1
v3,Q134,4,1.0,0.14285714285714285,0.25,0.14285714285714285,1,7,1
v3,Q134,5,0.0,0.0,0.0,0.0,0,7,0
v3,Q134,6,1.0,0.14285714285714285,0.25,0.14285714285714285,1,7,1
v3,Q134,7,0.0,0.0,0.0,0.0,0,7,0
v3,Q134,8,1.0,0.14285714285714285,0.25,0.14285714285714285,1,7,1
v3,Q134,9,0.0,0.0,0.0,0.0,1,7,0
v3,Q134,10,1.0,0.14285714285714285,0.25,0.14285714285714285,1,7,1
v3,Q134,11,0.0,0.0,0.0,0.0,1,7,0
v3,Q134,12,1.0,0.14285714285714285,0.25,0.14285714285714285,1,7,1
v3,Q134,13,0.0,0.0,0.0,0.0,1,7,0
v3,Q134,14,0.0,0.0,0.0,0.0,0,7,0
v3,Q134,15,0.0,0.0,0.0,0.0,0,7,0
v3,Q134,16,1.0,0.14285714285714285,0.25,0.14285714285714285,1,7,1
v3,Q134,17,0.0,0.0,0.0,0.0,1,7,0
v3,Q134,18,1.0,0.14285714285714285,0.25,0.14285714285714285,1,7,1
v3,Q134,19,0.0,0.0,0.0,0.0,1,7,0
v3,Q134,20,1.0,0.14285714285714285,0.25,0.14285714285714285,1,7,1
v3,Q134,21,1.0,0.14285714285714285,0.25,0.14285714285714285,1,7,1
v3,Q134,22,0.0,0.0,0.0,0.0,1,7,0
v3,Q134,23,0.0,0.0,0.0,0.0,1,7,0
v3,Q134,24,0.0,0.0,0.0,0.0,0,7,0
v3,Q134,25,1.0,0.14285714285714285,0.25,0.14285714285714285,1,7,1
v3,Q135,1,0.0,0.0,0.0,0.0,0,9,0
v3,Q135,2,0.0,0.0,0.0,0.0,0,9,0
v3,Q135,3,0.0,0.0,0.0,0.0,0,9,0
v3,Q135,4,0.0,0.0,0.0,0.0,0,9,0
v3,Q135,5,0.0,0.0,0.0,0.0,0,9,0
v3,Q135,6,0.0,0.0,0.0,0.0,0,9,0
v3,Q135,7,0.0,0.0,0.0,0.0,0,9,0
v3,Q135,8,0.0,0.0,0.0,0.0,0,9,0
v3,Q135,9,0.0,0.0,0.0,0.0,0,9,0
v3,Q135,10,0.0,0.0,0.0,0.0,0,9,0
v3,Q135,11,0.0,0.0,0.0,0.0,0,9,0
v3,Q135,12,0.0,0.0,0.0,0.0,0,9,0
v3,Q135,13,0.0,0.0,0.0,0.0,0,9,0
v3,Q135,14,0.0,0.0,0.0,0.0,0,9,0
v3,Q135,15,0.0,0.0,0.0,0.0,0,9,0
v3,Q135,16,0.0,0.0,0.0,0.0,0,9,0
v3,Q135,17,0.0,0.0,0.0,0.0,0,9,0
v3,Q135,18,0.0,0.0,0.0,0.0,0,9,0
v3,Q135,19,0.0,0.0,0.0,0.0,0,9,0
v3,Q135,20,0.0,0.0,0.0,0.0,0,9,0
v3,Q135,21,0.0,0.0,0.0,0.0,0,9,0
v3,Q135,22,0.0,0.0,0.0,0.0,0,9,0
v3,Q135,23,0.0,0.0,0.0,0.0,0,9,0
v3,Q135,24,0.0,0.0,0.0,0.0,0,9,0
v3,Q135,25,0.0,0.0,0.0,0.0,0,9,0
v3,Q136,1,0.0,0.0,0.0,0.0,0,2,0
v3,Q136,2,0.0,0.0,0.0,0.0,0,2,0
v3,Q136,3,0.0,0.0,0.0,0.0,0,2,0
v3,Q136,4,0.0,0.0,0.0,0.0,1,2,0
v3,Q136,5,0.0,0.0,0.0,0.0,0,2,0
v3,Q136,6,0.0,0.0,0.0,0.0,0,2,0
v3,Q136,7,0.0,0.0,0.0,0.0,0,2,0
v3,Q136,8,0.0,0.0,0.0,0.0,0,2,0
v3,Q136,9,0.0,0.0,0.0,0.0,0,2,0
v3,Q136,10,0.0,0.0,0.0,0.0,0,2,0
v3,Q136,11,0.0,0.0,0.0,0.0,0,2,0
v3,Q136,12,0.0,0.0,0.0,0.0,0,2,0
v3,Q136,13,0.0,0.0,0.0,0.0,0,2,0
v3,Q136,14,0.0,0.0,0.0,0.0,0,2,0
v3,Q136,15,0.0,0.0,0.0,0.0,0,2,0
v3,Q136,16,0.0,0.0,0.0,0.0,0,2,0
v3,Q136,17,0.0,0.0,0.0,0.0,0,2,0
v3,Q136,18,0.0,0.0,0.0,0.0,0,2,0
v3,Q136,19,0.0,0.0,0.0,0.0,0,2,0
v3,Q136,20,0.0,0.0,0.0,0.0,0,2,0
v3,Q136,21,0.0,0.0,0.0,0.0,0,2,0
v3,Q136,22,0.0,0.0,0.0,0.0,0,2,0
v3,Q136,23,0.0,0.0,0.0,0.0,0,2,0
v3,Q136,24,0.0,0.0,0.0,0.0,0,2,0
v3,Q136,25,0.0,0.0,0.0,0.0,0,2,0
v3,Q137,1,0.0,0.0,0.0,0.0,0,5,0
v3,Q137,2,0.0,0.0,0.0,0.0,0,5,0
v3,Q137,3,0.0,0.0,0.0,0.0,0,5,0
v3,Q137,4,0.0,0.0,0.0,0.0,1,5,0
v3,Q137,5,0.0,0.0,0.0,0.0,0,5,0
v3,Q137,6,0.0,0.0,0.0,0.0,0,5,0
v3,Q137,7,0.0,0.0,0.0,0.0,1,5,0
v3,Q137,8,0.0,0.0,0.0,0.0,0,5,0
v3,Q137,9,0.0,0.0,0.0,0.0,1,5,0
v3,Q137,10,0.0,0.0,0.0,0.0,0,5,0
v3,Q137,11,0.0,0.0,0.0,0.0,0,5,0
v3,Q137,12,0.0,0.0,0.0,0.0,0,5,0
v3,Q137,13,0.0,0.0,0.0,0.0,0,5,0
v3,Q137,14,0.0,0.0,0.0,0.0,0,5,0
v3,Q137,15,0.0,0.0,0.0,0.0,0,5,0
v3,Q137,16,0.0,0.0,0.0,0.0,0,5,0
v3,Q137,17,0.0,0.0,0.0,0.0,1,5,0
v3,Q137,18,0.0,0.0,0.0,0.0,0,5,0
v3,Q137,19,0.0,0.0,0.0,0.0,0,5,0
v3,Q137,20,0.0,0.0,0.0,0.0,0,5,0
v3,Q137,21,0.0,0.0,0.0,0.0,1,5,0
v3,Q137,22,0.0,0.0,0.0,0.0,0,5,0
v3,Q137,23,0.0,0.0,0.0,0.0,0,5,0
v3,Q137,24,0.0,0.0,0.0,0.0,0,5,0
v3,Q137,25,0.0,0.0,0.0,0.0,0,5,0
v3,Q138,1,0.0,0.0,0.0,0.0,0,2,0
v3,Q138,2,0.0,0.0,0.0,0.0,0,2,0
v3,Q138,3,0.0,0.0,0.0,0.0,0,2,0
v3,Q138,4,0.0,0.0,0.0,0.0,0,2,0
v3,Q138,5,0.0,0.0,0.0,0.0,0,2,0
v3,Q138,6,0.0,0.0,0.0,0.0,0,2,0
v3,Q138,7,0.0,0.0,0.0,0.0,0,2,0
v3,Q138,8,0.0,0.0,0.0,0.0,0,2,0
v3,Q138,9,0.0,0.0,0.0,0.0,0,2,0
v3,Q138,10,0.0,0.0,0.0,0.0,0,2,0
v3,Q138,11,0.0,0.0,0.0,0.0,0,2,0
v3,Q138,12,0.0,0.0,0.0,0.0,0,2,0
v3,Q138,13,0.0,0.0,0.0,0.0,0,2,0
v3,Q138,14,0.0,0.0,0.0,0.0,0,2,0
v3,Q138,15,0.0,0.0,0.0,0.0,0,2,0
v3,Q138,16,0.0,0.0,0.0,0.0,0,2,0
v3,Q138,17,0.0,0.0,0.0,0.0,0,2,0
v3,Q138,18,0.0,0.0,0.0,0.0,0,2,0
v3,Q138,19,0.0,0.0,0.0,0.0,0,2,0
v3,Q138,20,0.0,0.0,0.0,0.0,0,2,0
v3,Q138,21,0.0,0.0,0.0,0.0,0,2,0
v3,Q138,22,0.0,0.0,0.0,0.0,0,2,0
v3,Q138,23,0.0,0.0,0.0,0.0,0,2,0
v3,Q138,24,0.0,0.0,0.0,0.0,0,2,0
v3,Q138,25,0.0,0.0,0.0,0.0,0,2,0
v3,Q139,1,0.0,0.0,0.0,0.0,0,3,0
v3,Q139,2,0.0,0.0,0.0,0.0,0,3,0
v3,Q139,3,0.0,0.0,0.0,0.0,1,3,0
v3,Q139,4,0.0,0.0,0.0,0.0,1,3,0
v3,Q139,5,0.0,0.0,0.0,0.0,0,3,0
v3,Q139,6,0.0,0.0,0.0,0.0,0,3,0
v3,Q139,7,0.0,0.0,0.0,0.0,0,3,0
v3,Q139,8,0.0,0.0,0.0,0.0,0,3,0
v3,Q139,9,0.0,0.0,0.0,0.0,0,3,0
v3,Q139,10,0.0,0.0,0.0,0.0,1,3,0
v3,Q139,11,0.0,0.0,0.0,0.0,0,3,0
v3,Q139,12,0.0,0.0,0.0,0.0,0,3,0
v3,Q139,13,0.0,0.0,0.0,0.0,0,3,0
v3,Q139,14,0.0,0.0,0.0,0.0,1,3,0
v3,Q139,15,0.0,0.0,0.0,0.0,0,3,0
v3,Q139,16,0.0,0.0,0.0,0.0,0,3,0
v3,Q139,17,0.0,0.0,0.0,0.0,0,3,0
v3,Q139,18,0.0,0.0,0.0,0.0,0,3,0
v3,Q139,19,0.0,0.0,0.0,0.0,0,3,0
v3,Q139,20,0.0,0.0,0.0,0.0,1,3,0
v3,Q139,21,0.0,0.0,0.0,0.0,0,3,0
v3,Q139,22,0.0,0.0,0.0,0.0,1,3,0
v3,Q139,23,0.0,0.0,0.0,0.0,0,3,0
v3,Q139,24,0.0,0.0,0.0,0.0,1,3,0
v3,Q139,25,0.0,0.0,0.0,0.0,0,3,0
v3,Q14,1,0.0,0.0,0.0,0.0,0,6,0
v3,Q14,2,0.0,0.0,0.0,0.0,0,6,0
v3,Q14,3,0.0,0.0,0.0,0.0,0,6,0
v3,Q14,4,0.0,0.0,0.0,0.0,0,6,0
v3,Q14,5,0.0,0.0,0.0,0.0,0,6,0
v3,Q14,6,0.0,0.0,0.0,0.0,0,6,0
v3,Q14,7,0.0,0.0,0.0,0.0,0,6,0
v3,Q14,8,0.0,0.0,0.0,0.0,0,6,0
v3,Q14,9,0.0,0.0,0.0,0.0,0,6,0
v3,Q14,10,0.0,0.0,0.0,0.0,0,6,0
v3,Q14,11,0.0,0.0,0.0,0.0,0,6,0
v3,Q14,12,0.0,0.0,0.0,0.0,0,6,0
v3,Q14,13,0.0,0.0,0.0,0.0,0,6,0
v3,Q14,14,0.0,0.0,0.0,0.0,0,6,0
v3,Q14,15,0.0,0.0,0.0,0.0,0,6,0
v3,Q14,16,0.0,0.0,0.0,0.0,0,6,0
v3,Q14,17,0.0,0.0,0.0,0.0,0,6,0
v3,Q14,18,0.0,0.0,0.0,0.0,0,6,0
v3,Q14,19,0.0,0.0,0.0,0.0,0,6,0
v3,Q14,20,0.0,0.0,0.0,0.0,0,6,0
v3,Q14,21,0.0,0.0,0.0,0.0,0,6,0
v3,Q14,22,0.0,0.0,0.0,0.0,0,6,0
v3,Q14,23,0.0,0.0,0.0,0.0,0,6,0
v3,Q14,24,0.0,0.0,0.0,0.0,0,6,0
v3,Q14,25,0.0,0.0,0.0,0.0,0,6,0
v3,Q140,1,0.0,0.0,0.0,0.0,1,2,0
v3,Q140,2,0.0,0.0,0.0,0.0,1,2,0
v3,Q140,3,0.0,0.0,0.0,0.0,1,2,0
v3,Q140,4,0.0,0.0,0.0,0.0,1,2,0
v3,Q140,5,0.0,0.0,0.0,0.0,1,2,0
v3,Q140,6,0.0,0.0,0.0,0.0,1,2,0
v3,Q140,7,0.0,0.0,0.0,0.0,1,2,0
v3,Q140,8,0.0,0.0,0.0,0.0,1,2,0
v3,Q140,9,0.0,0.0,0.0,0.0,1,2,0
v3,Q140,10,0.0,0.0,0.0,0.0,1,2,0
v3,Q140,11,0.0,0.0,0.0,0.0,1,2,0
v3,Q140,12,0.0,0.0,0.0,0.0,1,2,0
v3,Q140,13,0.0,0.0,0.0,0.0,1,2,0
v3,Q140,14,0.0,0.0,0.0,0.0,1,2,0
v3,Q140,15,0.0,0.0,0.0,0.0,1,2,0
v3,Q140,16,0.0,0.0,0.0,0.0,1,2,0
v3,Q140,17,0.0,0.0,0.0,0.0,1,2,0
v3,Q140,18,0.0,0.0,0.0,0.0,1,2,0
v3,Q140,19,0.0,0.0,0.0,0.0,1,2,0
v3,Q140,20,0.0,0.0,0.0,0.0,1,2,0
v3,Q140,21,0.0,0.0,0.0,0.0,1,2,0
v3,Q140,22,0.0,0.0,0.0,0.0,1,2,0
v3,Q140,23,0.0,0.0,0.0,0.0,1,2,0
v3,Q140,24,0.0,0.0,0.0,0.0,1,2,0
v3,Q140,25,0.0,0.0,0.0,0.0,1,2,0
v3,Q141,1,0.0,0.0,0.0,0.0,0,4,0
v3,Q141,2,0.0,0.0,0.0,0.0,0,4,0
v3,Q141,3,0.0,0.0,0.0,0.0,0,4,0
v3,Q141,4,0.0,0.0,0.0,0.0,0,4,0
v3,Q141,5,0.0,0.0,0.0,0.0,0,4,0
v3,Q141,6,0.0,0.0,0.0,0.0,0,4,0
v3,Q141,7,0.0,0.0,0.0,0.0,0,4,0
v3,Q141,8,0.0,0.0,0.0,0.0,0,4,0
v3,Q141,9,0.0,0.0,0.0,0.0,0,4,0
v3,Q141,10,0.0,0.0,0.0,0.0,0,4,0
v3,Q141,11,0.0,0.0,0.0,0.0,0,4,0
v3,Q141,12,0.0,0.0,0.0,0.0,0,4,0
v3,Q141,13,0.0,0.0,0.0,0.0,0,4,0
v3,Q141,14,0.0,0.0,0.0,0.0,0,4,0
v3,Q141,15,0.0,0.0,0.0,0.0,0,4,0
v3,Q141,16,0.0,0.0,0.0,0.0,0,4,0
v3,Q141,17,0.0,0.0,0.0,0.0,0,4,0
v3,Q141,18,0.0,0.0,0.0,0.0,0,4,0
v3,Q141,19,0.0,0.0,0.0,0.0,0,4,0
v3,Q141,20,0.0,0.0,0.0,0.0,0,4,0
v3,Q141,21,0.0,0.0,0.0,0.0,0,4,0
v3,Q141,22,0.0,0.0,0.0,0.0,0,4,0
v3,Q141,23,0.0,0.0,0.0,0.0,0,4,0
v3,Q141,24,0.0,0.0,0.0,0.0,0,4,0
v3,Q141,25,0.0,0.0,0.0,0.0,0,4,0
v3,Q142,1,0.0,0.0,0.0,0.0,0,2,0
v3,Q142,2,0.0,0.0,0.0,0.0,0,2,0
v3,Q142,3,0.0,0.0,0.0,0.0,0,2,0
v3,Q142,4,0.0,0.0,0.0,0.0,0,2,0
v3,Q142,5,0.0,0.0,0.0,0.0,0,2,0
v3,Q142,6,0.0,0.0,0.0,0.0,0,2,0
v3,Q142,7,0.0,0.0,0.0,0.0,0,2,0
v3,Q142,8,0.0,0.0,0.0,0.0,0,2,0
v3,Q142,9,0.0,0.0,0.0,0.0,0,2,0
v3,Q142,10,0.0,0.0,0.0,0.0,0,2,0
v3,Q142,11,0.0,0.0,0.0,0.0,0,2,0
v3,Q142,12,0.0,0.0,0.0,0.0,0,2,0
v3,Q142,13,0.0,0.0,0.0,0.0,0,2,0
v3,Q142,14,0.0,0.0,0.0,0.0,0,2,0
v3,Q142,15,0.0,0.0,0.0,0.0,0,2,0
v3,Q142,16,0.0,0.0,0.0,0.0,0,2,0
v3,Q142,17,0.0,0.0,0.0,0.0,0,2,0
v3,Q142,18,0.0,0.0,0.0,0.0,0,2,0
v3,Q142,19,0.0,0.0,0.0,0.0,0,2,0
v3,Q142,20,0.0,0.0,0.0,0.0,0,2,0
v3,Q142,21,0.0,0.0,0.0,0.0,0,2,0
v3,Q142,22,0.0,0.0,0.0,0.0,0,2,0
v3,Q142,23,0.0,0.0,0.0,0.0,0,2,0
v3,Q142,24,0.0,0.0,0.0,0.0,0,2,0
v3,Q142,25,0.0,0.0,0.0,0.0,0,2,0
v3,Q143,1,0.0,0.0,0.0,0.0,0,1,0
v3,Q143,2,0.0,0.0,0.0,0.0,0,1,0
v3,Q143,3,0.0,0.0,0.0,0.0,0,1,0
v3,Q143,4,0.0,0.0,0.0,0.0,0,1,0
v3,Q143,5,0.0,0.0,0.0,0.0,0,1,0
v3,Q143,6,0.0,0.0,0.0,0.0,0,1,0
v3,Q143,7,0.0,0.0,0.0,0.0,0,1,0
v3,Q143,8,0.0,0.0,0.0,0.0,0,1,0
v3,Q143,9,0.0,0.0,0.0,0.0,0,1,0
v3,Q143,10,0.0,0.0,0.0,0.0,0,1,0
v3,Q143,11,0.0,0.0,0.0,0.0,0,1,0
v3,Q143,12,0.0,0.0,0.0,0.0,0,1,0
v3,Q143,13,0.0,0.0,0.0,0.0,0,1,0
v3,Q143,14,0.0,0.0,0.0,0.0,0,1,0
v3,Q143,15,0.0,0.0,0.0,0.0,0,1,0
v3,Q143,16,0.0,0.0,0.0,0.0,0,1,0
v3,Q143,17,0.0,0.0,0.0,0.0,0,1,0
v3,Q143,18,0.0,0.0,0.0,0.0,0,1,0
v3,Q143,19,0.0,0.0,0.0,0.0,0,1,0
v3,Q143,20,0.0,0.0,0.0,0.0,0,1,0
v3,Q143,21,0.0,0.0,0.0,0.0,0,1,0
v3,Q143,22,0.0,0.0,0.0,0.0,0,1,0
v3,Q143,23,0.0,0.0,0.0,0.0,0,1,0
v3,Q143,24,0.0,0.0,0.0,0.0,0,1,0
v3,Q143,25,0.0,0.0,0.0,0.0,0,1,0
v3,Q144,1,0.0,0.0,0.0,0.0,0,2,0
v3,Q144,2,0.0,0.0,0.0,0.0,0,2,0
v3,Q144,3,0.0,0.0,0.0,0.0,0,2,0
v3,Q144,4,0.0,0.0,0.0,0.0,0,2,0
v3,Q144,5,0.0,0.0,0.0,0.0,0,2,0
v3,Q144,6,0.0,0.0,0.0,0.0,0,2,0
v3,Q144,7,0.0,0.0,0.0,0.0,1,2,0
v3,Q144,8,0.0,0.0,0.0,0.0,0,2,0
v3,Q144,9,0.0,0.0,0.0,0.0,0,2,0
v3,Q144,10,0.0,0.0,0.0,0.0,1,2,0
v3,Q144,11,0.0,0.0,0.0,0.0,0,2,0
v3,Q144,12,0.0,0.0,0.0,0.0,0,2,0
v3,Q144,13,0.0,0.0,0.0,0.0,2,2,0
v3,Q144,14,0.0,0.0,0.0,0.0,1,2,0
v3,Q144,15,0.0,0.0,0.0,0.0,0,2,0
v3,Q144,16,0.0,0.0,0.0,0.0,0,2,0
v3,Q144,17,0.0,0.0,0.0,0.0,0,2,0
v3,Q144,18,0.0,0.0,0.0,0.0,0,2,0
v3,Q144,19,0.0,0.0,0.0,0.0,1,2,0
v3,Q144,20,0.0,0.0,0.0,0.0,1,2,0
v3,Q144,21,0.0,0.0,0.0,0.0,0,2,0
v3,Q144,22,0.0,0.0,0.0,0.0,1,2,0
v3,Q144,23,0.0,0.0,0.0,0.0,1,2,0
v3,Q144,24,0.0,0.0,0.0,0.0,1,2,0
v3,Q144,25,0.0,0.0,0.0,0.0,0,2,0
v3,Q145,1,0.0,0.0,0.0,0.0,1,5,0
v3,Q145,2,0.0,0.0,0.0,0.0,1,5,0
v3,Q145,3,0.0,0.0,0.0,0.0,0,5,0
v3,Q145,4,0.0,0.0,0.0,0.0,1,5,0
v3,Q145,5,0.0,0.0,0.0,0.0,1,5,0
v3,Q145,6,0.0,0.0,0.0,0.0,1,5,0
v3,Q145,7,0.0,0.0,0.0,0.0,0,5,0
v3,Q145,8,0.0,0.0,0.0,0.0,1,5,0
v3,Q145,9,0.0,0.0,0.0,0.0,1,5,0
v3,Q145,10,0.0,0.0,0.0,0.0,0,5,0
v3,Q145,11,0.0,0.0,0.0,0.0,0,5,0
v3,Q145,12,0.0,0.0,0.0,0.0,1,5,0
v3,Q145,13,0.0,0.0,0.0,0.0,1,5,0
v3,Q145,14,0.0,0.0,0.0,0.0,0,5,0
v3,Q145,15,0.0,0.0,0.0,0.0,1,5,0
v3,Q145,16,0.0,0.0,0.0,0.0,1,5,0
v3,Q145,17,0.0,0.0,0.0,0.0,1,5,0
v3,Q145,18,0.0,0.0,0.0,0.0,1,5,0
v3,Q145,19,0.0,0.0,0.0,0.0,1,5,0
v3,Q145,20,0.0,0.0,0.0,0.0,1,5,0
v3,Q145,21,0.0,0.0,0.0,0.0,0,5,0
v3,Q145,22,0.0,0.0,0.0,0.0,1,5,0
v3,Q145,23,0.0,0.0,0.0,0.0,0,5,0
v3,Q145,24,0.0,0.0,0.0,0.0,0,5,0
v3,Q145,25,0.0,0.0,0.0,0.0,0,5,0
v3,Q146,1,0.0,0.0,0.0,0.0,1,2,0
v3,Q146,2,0.0,0.0,0.0,0.0,0,2,0
v3,Q146,3,0.0,0.0,0.0,0.0,0,2,0
v3,Q146,4,0.0,0.0,0.0,0.0,0,2,0
v3,Q146,5,0.0,0.0,0.0,0.0,0,2,0
v3,Q146,6,0.0,0.0,0.0,0.0,1,2,0
v3,Q146,7,0.0,0.0,0.0,0.0,1,2,0
v3,Q146,8,0.0,0.0,0.0,0.0,0,2,0
v3,Q146,9,0.0,0.0,0.0,0.0,0,2,0
v3,Q146,10,0.0,0.0,0.0,0.0,0,2,0
v3,Q146,11,0.0,0.0,0.0,0.0,0,2,0
v3,Q146,12,0.0,0.0,0.0,0.0,0,2,0
v3,Q146,13,0.0,0.0,0.0,0.0,0,2,0
v3,Q146,14,0.0,0.0,0.0,0.0,0,2,0
v3,Q146,15,0.0,0.0,0.0,0.0,0,2,0
v3,Q146,16,0.0,0.0,0.0,0.0,0,2,0
v3,Q146,17,0.0,0.0,0.0,0.0,1,2,0
v3,Q146,18,0.0,0.0,0.0,0.0,1,2,0
v3,Q146,19,0.0,0.0,0.0,0.0,1,2,0
v3,Q146,20,0.0,0.0,0.0,0.0,1,2,0
v3,Q146,21,0.0,0.0,0.0,0.0,1,2,0
v3,Q146,22,0.0,0.0,0.0,0.0,0,2,0
v3,Q146,23,0.0,0.0,0.0,0.0,1,2,0
v3,Q146,24,0.0,0.0,0.0,0.0,1,2,0
v3,Q146,25,0.0,0.0,0.0,0.0,1,2,0
v3,Q147,1,0.0,0.0,0.0,0.0,0,6,0
v3,Q147,2,0.0,0.0,0.0,0.0,0,6,0
v3,Q147,3,0.0,0.0,0.0,0.0,0,6,0
v3,Q147,4,0.0,0.0,0.0,0.0,0,6,0
v3,Q147,5,0.0,0.0,0.0,0.0,0,6,0
v3,Q147,6,0.0,0.0,0.0,0.0,0,6,0
v3,Q147,7,0.0,0.0,0.0,0.0,0,6,0
v3,Q147,8,0.0,0.0,0.0,0.0,0,6,0
v3,Q147,9,0.0,0.0,0.0,0.0,0,6,0
v3,Q147,10,0.0,0.0,0.0,0.0,0,6,0
v3,Q147,11,0.0,0.0,0.0,0.0,0,6,0
v3,Q147,12,0.0,0.0,0.0,0.0,0,6,0
v3,Q147,13,0.0,0.0,0.0,0.0,0,6,0
v3,Q147,14,0.0,0.0,0.0,0.0,0,6,0
v3,Q147,15,0.0,0.0,0.0,0.0,0,6,0
v3,Q147,16,0.0,0.0,0.0,0.0,0,6,0
v3,Q147,17,0.0,0.0,0.0,0.0,0,6,0
v3,Q147,18,0.0,0.0,0.0,0.0,0,6,0
v3,Q147,19,0.0,0.0,0.0,0.0,0,6,0
v3,Q147,20,0.0,0.0,0.0,0.0,0,6,0
v3,Q147,21,0.0,0.0,0.0,0.0,0,6,0
v3,Q147,22,0.0,0.0,0.0,0.0,0,6,0
v3,Q147,23,0.0,0.0,0.0,0.0,0,6,0
v3,Q147,24,0.0,0.0,0.0,0.0,0,6,0
v3,Q147,25,0.0,0.0,0.0,0.0,0,6,0
v3,Q148,1,0.0,0.0,0.0,0.0,0,7,0
v3,Q148,2,0.0,0.0,0.0,0.0,0,7,0
v3,Q148,3,0.0,0.0,0.0,0.0,0,7,0
v3,Q148,4,0.0,0.0,0.0,0.0,0,7,0
v3,Q148,5,0.0,0.0,0.0,0.0,0,7,0
v3,Q148,6,0.0,0.0,0.0,0.0,0,7,0
v3,Q148,7,0.0,0.0,0.0,0.0,0,7,0
v3,Q148,8,0.0,0.0,0.0,0.0,0,7,0
v3,Q148,9,0.0,0.0,0.0,0.0,0,7,0
v3,Q148,10,0.0,0.0,0.0,0.0,0,7,0
v3,Q148,11,0.0,0.0,0.0,0.0,0,7,0
v3,Q148,12,0.0,0.0,0.0,0.0,0,7,0
v3,Q148,13,0.0,0.0,0.0,0.0,0,7,0
v3,Q148,14,0.0,0.0,0.0,0.0,0,7,0
v3,Q148,15,0.0,0.0,0.0,0.0,0,7,0
v3,Q148,16,0.0,0.0,0.0,0.0,0,7,0
v3,Q148,17,0.0,0.0,0.0,0.0,0,7,0
v3,Q148,18,0.0,0.0,0.0,0.0,0,7,0
v3,Q148,19,0.0,0.0,0.0,0.0,0,7,0
v3,Q148,20,0.0,0.0,0.0,0.0,0,7,0
v3,Q148,21,0.0,0.0,0.0,0.0,0,7,0
v3,Q148,22,0.0,0.0,0.0,0.0,0,7,0
v3,Q148,23,0.0,0.0,0.0,0.0,0,7,0
v3,Q148,24,0.0,0.0,0.0,0.0,0,7,0
v3,Q148,25,0.0,0.0,0.0,0.0,0,7,0
v3,Q149,1,0.0,0.0,0.0,0.0,0,2,0
v3,Q149,2,0.0,0.0,0.0,0.0,0,2,0
v3,Q149,3,0.0,0.0,0.0,0.0,0,2,0
v3,Q149,4,0.0,0.0,0.0,0.0,0,2,0
v3,Q149,5,0.0,0.0,0.0,0.0,0,2,0
v3,Q149,6,0.0,0.0,0.0,0.0,0,2,0
v3,Q149,7,0.0,0.0,0.0,0.0,0,2,0
v3,Q149,8,0.0,0.0,0.0,0.0,0,2,0
v3,Q149,9,0.0,0.0,0.0,0.0,0,2,0
v3,Q149,10,0.0,0.0,0.0,0.0,0,2,0
v3,Q149,11,0.0,0.0,0.0,0.0,0,2,0
v3,Q149,12,0.0,0.0,0.0,0.0,0,2,0
v3,Q149,13,0.0,0.0,0.0,0.0,0,2,0
v3,Q149,14,0.0,0.0,0.0,0.0,0,2,0
v3,Q149,15,0.0,0.0,0.0,0.0,0,2,0
v3,Q149,16,0.0,0.0,0.0,0.0,0,2,0
v3,Q149,17,0.0,0.0,0.0,0.0,0,2,0
v3,Q149,18,0.0,0.0,0.0,0.0,0,2,0
v3,Q149,19,0.0,0.0,0.0,0.0,0,2,0
v3,Q149,20,0.0,0.0,0.0,0.0,0,2,0
v3,Q149,21,0.0,0.0,0.0,0.0,0,2,0
v3,Q149,22,0.0,0.0,0.0,0.0,0,2,0
v3,Q149,23,0.0,0.0,0.0,0.0,0,2,0
v3,Q149,24,0.0,0.0,0.0,0.0,0,2,0
v3,Q149,25,0.0,0.0,0.0,0.0,0,2,0
v3,Q15,1,0.0,0.0,0.0,0.0,1,2,0
v3,Q15,2,0.0,0.0,0.0,0.0,1,2,0
v3,Q15,3,0.0,0.0,0.0,0.0,1,2,0
v3,Q15,4,0.0,0.0,0.0,0.0,0,2,0
v3,Q15,5,0.0,0.0,0.0,0.0,1,2,0
v3,Q15,6,0.0,0.0,0.0,0.0,1,2,0
v3,Q15,7,0.0,0.0,0.0,0.0,1,2,0
v3,Q15,8,0.0,0.0,0.0,0.0,1,2,0
v3,Q15,9,0.0,0.0,0.0,0.0,1,2,0
v3,Q15,10,0.0,0.0,0.0,0.0,0,2,0
v3,Q15,11,0.0,0.0,0.0,0.0,1,2,0
v3,Q15,12,0.0,0.0,0.0,0.0,1,2,0
v3,Q15,13,0.0,0.0,0.0,0.0,1,2,0
v3,Q15,14,0.0,0.0,0.0,0.0,1,2,0
v3,Q15,15,0.0,0.0,0.0,0.0,1,2,0
v3,Q15,16,0.0,0.0,0.0,0.0,1,2,0
v3,Q15,17,0.0,0.0,0.0,0.0,1,2,0
v3,Q15,18,0.0,0.0,0.0,0.0,1,2,0
v3,Q15,19,0.0,0.0,0.0,0.0,1,2,0
v3,Q15,20,0.0,0.0,0.0,0.0,1,2,0
v3,Q15,21,0.0,0.0,0.0,0.0,1,2,0
v3,Q15,22,0.0,0.0,0.0,0.0,0,2,0
v3,Q15,23,0.0,0.0,0.0,0.0,1,2,0
v3,Q15,24,0.0,0.0,0.0,0.0,1,2,0
v3,Q15,25,0.0,0.0,0.0,0.0,0,2,0
v3,Q150,1,0.0,0.0,0.0,0.0,0,5,0
v3,Q150,2,0.0,0.0,0.0,0.0,0,5,0
v3,Q150,3,0.0,0.0,0.0,0.0,0,5,0
v3,Q150,4,0.0,0.0,0.0,0.0,0,5,0
v3,Q150,5,0.0,0.0,0.0,0.0,0,5,0
v3,Q150,6,0.0,0.0,0.0,0.0,0,5,0
v3,Q150,7,0.0,0.0,0.0,0.0,0,5,0
v3,Q150,8,0.0,0.0,0.0,0.0,0,5,0
v3,Q150,9,0.0,0.0,0.0,0.0,0,5,0
v3,Q150,10,0.0,0.0,0.0,0.0,0,5,0
v3,Q150,11,0.0,0.0,0.0,0.0,0,5,0
v3,Q150,12,0.0,0.0,0.0,0.0,0,5,0
v3,Q150,13,0.0,0.0,0.0,0.0,0,5,0
v3,Q150,14,0.0,0.0,0.0,0.0,0,5,0
v3,Q150,15,0.0,0.0,0.0,0.0,0,5,0
v3,Q150,16,0.0,0.0,0.0,0.0,0,5,0
v3,Q150,17,0.0,0.0,0.0,0.0,0,5,0
v3,Q150,18,0.0,0.0,0.0,0.0,0,5,0
v3,Q150,19,0.0,0.0,0.0,0.0,0,5,0
v3,Q150,20,0.0,0.0,0.0,0.0,0,5,0
v3,Q150,21,0.0,0.0,0.0,0.0,0,5,0
v3,Q150,22,0.0,0.0,0.0,0.0,0,5,0
v3,Q150,23,0.0,0.0,0.0,0.0,0,5,0
v3,Q150,24,0.0,0.0,0.0,0.0,0,5,0
v3,Q150,25,0.0,0.0,0.0,0.0,0,5,0
v3,Q151,1,0.0,0.0,0.0,0.0,0,1,0
v3,Q151,2,0.0,0.0,0.0,0.0,0,1,0
v3,Q151,3,0.0,0.0,0.0,0.0,0,1,0
v3,Q151,4,0.0,0.0,0.0,0.0,0,1,0
v3,Q151,5,0.0,0.0,0.0,0.0,0,1,0
v3,Q151,6,0.0,0.0,0.0,0.0,0,1,0
v3,Q151,7,0.0,0.0,0.0,0.0,0,1,0
v3,Q151,8,0.0,0.0,0.0,0.0,0,1,0
v3,Q151,9,0.0,0.0,0.0,0.0,0,1,0
v3,Q151,10,0.0,0.0,0.0,0.0,0,1,0
v3,Q151,11,0.0,0.0,0.0,0.0,0,1,0
v3,Q151,12,0.0,0.0,0.0,0.0,0,1,0
v3,Q151,13,0.0,0.0,0.0,0.0,0,1,0
v3,Q151,14,0.0,0.0,0.0,0.0,0,1,0
v3,Q151,15,0.0,0.0,0.0,0.0,0,1,0
v3,Q151,16,0.0,0.0,0.0,0.0,0,1,0
v3,Q151,17,0.0,0.0,0.0,0.0,0,1,0
v3,Q151,18,0.0,0.0,0.0,0.0,0,1,0
v3,Q151,19,0.0,0.0,0.0,0.0,0,1,0
v3,Q151,20,0.0,0.0,0.0,0.0,0,1,0
v3,Q151,21,0.0,0.0,0.0,0.0,0,1,0
v3,Q151,22,0.0,0.0,0.0,0.0,0,1,0
v3,Q151,23,0.0,0.0,0.0,0.0,0,1,0
v3,Q151,24,0.0,0.0,0.0,0.0,0,1,0
v3,Q151,25,0.0,0.0,0.0,0.0,0,1,0
v3,Q152,1,0.0,0.0,0.0,0.0,0,2,0
v3,Q152,2,0.0,0.0,0.0,0.0,0,2,0
v3,Q152,3,0.0,0.0,0.0,0.0,0,2,0
v3,Q152,4,0.0,0.0,0.0,0.0,0,2,0
v3,Q152,5,0.0,0.0,0.0,0.0,0,2,0
v3,Q152,6,0.0,0.0,0.0,0.0,0,2,0
v3,Q152,7,0.0,0.0,0.0,0.0,0,2,0
v3,Q152,8,0.0,0.0,0.0,0.0,0,2,0
v3,Q152,9,0.0,0.0,0.0,0.0,0,2,0
v3,Q152,10,0.0,0.0,0.0,0.0,0,2,0
v3,Q152,11,0.0,0.0,0.0,0.0,0,2,0
v3,Q152,12,0.0,0.0,0.0,0.0,0,2,0
v3,Q152,13,0.0,0.0,0.0,0.0,0,2,0
v3,Q152,14,0.0,0.0,0.0,0.0,0,2,0
v3,Q152,15,0.0,0.0,0.0,0.0,0,2,0
v3,Q152,16,0.0,0.0,0.0,0.0,0,2,0
v3,Q152,17,0.0,0.0,0.0,0.0,0,2,0
v3,Q152,18,0.0,0.0,0.0,0.0,0,2,0
v3,Q152,19,0.0,0.0,0.0,0.0,0,2,0
v3,Q152,20,0.0,0.0,0.0,0.0,0,2,0
v3,Q152,21,0.0,0.0,0.0,0.0,0,2,0
v3,Q152,22,0.0,0.0,0.0,0.0,0,2,0
v3,Q152,23,0.0,0.0,0.0,0.0,0,2,0
v3,Q152,24,0.0,0.0,0.0,0.0,0,2,0
v3,Q152,25,0.0,0.0,0.0,0.0,0,2,0
v3,Q153,1,0.0,0.0,0.0,0.0,0,10,0
v3,Q153,2,0.0,0.0,0.0,0.0,0,10,0
v3,Q153,3,0.0,0.0,0.0,0.0,0,10,0
v3,Q153,4,0.0,0.0,0.0,0.0,0,10,0
v3,Q153,5,0.0,0.0,0.0,0.0,0,10,0
v3,Q153,6,0.0,0.0,0.0,0.0,0,10,0
v3,Q153,7,0.0,0.0,0.0,0.0,0,10,0
v3,Q153,8,0.0,0.0,0.0,0.0,0,10,0
v3,Q153,9,0.0,0.0,0.0,0.0,0,10,0
v3,Q153,10,0.0,0.0,0.0,0.0,0,10,0
v3,Q153,11,0.0,0.0,0.0,0.0,0,10,0
v3,Q153,12,0.0,0.0,0.0,0.0,0,10,0
v3,Q153,13,0.0,0.0,0.0,0.0,0,10,0
v3,Q153,14,0.0,0.0,0.0,0.0,0,10,0
v3,Q153,15,0.0,0.0,0.0,0.0,0,10,0
v3,Q153,16,0.0,0.0,0.0,0.0,0,10,0
v3,Q153,17,0.0,0.0,0.0,0.0,0,10,0
v3,Q153,18,0.0,0.0,0.0,0.0,0,10,0
v3,Q153,19,0.0,0.0,0.0,0.0,0,10,0
v3,Q153,20,0.0,0.0,0.0,0.0,0,10,0
v3,Q153,21,0.0,0.0,0.0,0.0,0,10,0
v3,Q153,22,0.0,0.0,0.0,0.0,0,10,0
v3,Q153,23,0.0,0.0,0.0,0.0,0,10,0
v3,Q153,24,0.0,0.0,0.0,0.0,0,10,0
v3,Q153,25,0.0,0.0,0.0,0.0,0,10,0
v3,Q154,1,0.0,0.0,0.0,0.0,0,5,0
v3,Q154,2,0.0,0.0,0.0,0.0,0,5,0
v3,Q154,3,0.0,0.0,0.0,0.0,0,5,0
v3,Q154,4,1.0,0.2,0.33333333333333337,0.2,1,5,1
v3,Q154,5,0.0,0.0,0.0,0.0,0,5,0
v3,Q154,6,0.0,0.0,0.0,0.0,0,5,0
v3,Q154,7,0.0,0.0,0.0,0.0,0,5,0
v3,Q154,8,0.0,0.0,0.0,0.0,0,5,0
v3,Q154,9,1.0,0.2,0.33333333333333337,0.2,1,5,1
v3,Q154,10,0.0,0.0,0.0,0.0,0,5,0
v3,Q154,11,0.0,0.0,0.0,0.0,0,5,0
v3,Q154,12,0.0,0.0,0.0,0.0,0,5,0
v3,Q154,13,0.0,0.0,0.0,0.0,0,5,0
v3,Q154,14,0.0,0.0,0.0,0.0,0,5,0
v3,Q154,15,0.0,0.0,0.0,0.0,1,5,0
v3,Q154,16,0.0,0.0,0.0,0.0,0,5,0
v3,Q154,17,1.0,0.2,0.33333333333333337,0.2,1,5,1
v3,Q154,18,0.0,0.0,0.0,0.0,0,5,0
v3,Q154,19,1.0,0.2,0.33333333333333337,0.2,1,5,1
v3,Q154,20,0.0,0.0,0.0,0.0,0,5,0
v3,Q154,21,0.0,0.0,0.0,0.0,0,5,0
v3,Q154,22,0.0,0.0,0.0,0.0,0,5,0
v3,Q154,23,1.0,0.2,0.33333333333333337,0.2,1,5,1
v3,Q154,24,0.0,0.0,0.0,0.0,0,5,0
v3,Q154,25,0.0,0.0,0.0,0.0,0,5,0
v3,Q155,1,0.0,0.0,0.0,0.0,0,4,0
v3,Q155,2,0.0,0.0,0.0,0.0,0,4,0
v3,Q155,3,0.0,0.0,0.0,0.0,0,4,0
v3,Q155,4,0.0,0.0,0.0,0.0,1,4,0
v3,Q155,5,0.0,0.0,0.0,0.0,0,4,0
v3,Q155,6,0.0,0.0,0.0,0.0,0,4,0
v3,Q155,7,0.0,0.0,0.0,0.0,0,4,0
v3,Q155,8,0.0,0.0,0.0,0.0,1,4,0
v3,Q155,9,0.0,0.0,0.0,0.0,0,4,0
v3,Q155,10,0.0,0.0,0.0,0.0,0,4,0
v3,Q155,11,0.0,0.0,0.0,0.0,0,4,0
v3,Q155,12,0.0,0.0,0.0,0.0,0,4,0
v3,Q155,13,0.0,0.0,0.0,0.0,0,4,0
v3,Q155,14,0.0,0.0,0.0,0.0,1,4,0
v3,Q155,15,0.0,0.0,0.0,0.0,1,4,0
v3,Q155,16,0.0,0.0,0.0,0.0,0,4,0
v3,Q155,17,0.0,0.0,0.0,0.0,0,4,0
v3,Q155,18,0.0,0.0,0.0,0.0,1,4,0
v3,Q155,19,0.0,0.0,0.0,0.0,0,4,0
v3,Q155,20,0.0,0.0,0.0,0.0,0,4,0
v3,Q155,21,0.0,0.0,0.0,0.0,1,4,0
v3,Q155,22,0.0,0.0,0.0,0.0,0,4,0
v3,Q155,23,0.0,0.0,0.0,0.0,0,4,0
v3,Q155,24,0.0,0.0,0.0,0.0,0,4,0
v3,Q155,25,0.0,0.0,0.0,0.0,1,4,0
v3,Q156,1,0.0,0.0,0.0,0.0,1,5,0
v3,Q156,2,0.0,0.0,0.0,0.0,1,5,0
v3,Q156,3,0.0,0.0,0.0,0.0,1,5,0
v3,Q156,4,0.0,0.0,0.0,0.0,1,5,0
v3,Q156,5,0.0,0.0,0.0,0.0,1,5,0
v3,Q156,6,0.0,0.0,0.0,0.0,0,5,0
v3,Q156,7,0.0,0.0,0.0,0.0,0,5,0
v3,Q156,8,0.0,0.0,0.0,0.0,1,5,0
v3,Q156,9,0.0,0.0,0.0,0.0,1,5,0
v3,Q156,10,0.0,0.0,0.0,0.0,0,5,0
v3,Q156,11,0.0,0.0,0.0,0.0,0,5,0
v3,Q156,12,0.0,0.0,0.0,0.0,0,5,0
v3,Q156,13,0.0,0.0,0.0,0.0,1,5,0
v3,Q156,14,0.0,0.0,0.0,0.0,0,5,0
v3,Q156,15,0.0,0.0,0.0,0.0,0,5,0
v3,Q156,16,0.0,0.0,0.0,0.0,1,5,0
v3,Q156,17,0.0,0.0,0.0,0.0,0,5,0
v3,Q156,18,0.0,0.0,0.0,0.0,0,5,0
v3,Q156,19,0.0,0.0,0.0,0.0,1,5,0
v3,Q156,20,0.0,0.0,0.0,0.0,0,5,0
v3,Q156,21,0.0,0.0,0.0,0.0,0,5,0
v3,Q156,22,0.0,0.0,0.0,0.0,1,5,0
v3,Q156,23,0.0,0.0,0.0,0.0,0,5,0
v3,Q156,24,0.0,0.0,0.0,0.0,1,5,0
v3,Q156,25,0.0,0.0,0.0,0.0,0,5,0
v3,Q157,1,0.0,0.0,0.0,0.0,0,4,0
v3,Q157,2,0.0,0.0,0.0,0.0,0,4,0
v3,Q157,3,0.0,0.0,0.0,0.0,0,4,0
v3,Q157,4,0.0,0.0,0.0,0.0,1,4,0
v3,Q157,5,0.0,0.0,0.0,0.0,1,4,0
v3,Q157,6,0.0,0.0,0.0,0.0,0,4,0
v3,Q157,7,0.0,0.0,0.0,0.0,0,4,0
v3,Q157,8,0.0,0.0,0.0,0.0,0,4,0
v3,Q157,9,0.0,0.0,0.0,0.0,0,4,0
v3,Q157,10,0.0,0.0,0.0,0.0,0,4,0
v3,Q157,11,0.0,0.0,0.0,0.0,0,4,0
v3,Q157,12,0.0,0.0,0.0,0.0,1,4,0
v3,Q157,13,0.0,0.0,0.0,0.0,0,4,0
v3,Q157,14,0.0,0.0,0.0,0.0,0,4,0
v3,Q157,15,1.0,0.25,0.4,0.25,1,4,1
v3,Q157,16,0.0,0.0,0.0,0.0,0,4,0
v3,Q157,17,0.0,0.0,0.0,0.0,0,4,0
v3,Q157,18,0.0,0.0,0.0,0.0,1,4,0
v3,Q157,19,0.0,0.0,0.0,0.0,1,4,0
v3,Q157,20,0.0,0.0,0.0,0.0,0,4,0
v3,Q157,21,0.0,0.0,0.0,0.0,0,4,0
v3,Q157,22,0.0,0.0,0.0,0.0,0,4,0
v3,Q157,23,0.0,0.0,0.0,0.0,0,4,0
v3,Q157,24,0.0,0.0,0.0,0.0,1,4,0
v3,Q157,25,0.0,0.0,0.0,0.0,0,4,0
v3,Q158,1,0.0,0.0,0.0,0.0,0,4,0
v3,Q158,2,0.0,0.0,0.0,0.0,0,4,0
v3,Q158,3,0.0,0.0,0.0,0.0,0,4,0
v3,Q158,4,0.0,0.0,0.0,0.0,1,4,0
v3,Q158,5,0.0,0.0,0.0,0.0,0,4,0
v3,Q158,6,0.0,0.0,0.0,0.0,1,4,0
v3,Q158,7,0.0,0.0,0.0,0.0,1,4,0
v3,Q158,8,0.0,0.0,0.0,0.0,0,4,0
v3,Q158,9,0.0,0.0,0.0,0.0,0,4,0
v3,Q158,10,0.0,0.0,0.0,0.0,1,4,0
v3,Q158,11,0.0,0.0,0.0,0.0,0,4,0
v3,Q158,12,0.0,0.0,0.0,0.0,0,4,0
v3,Q158,13,0.0,0.0,0.0,0.0,0,4,0
v3,Q158,14,0.0,0.0,0.0,0.0,0,4,0
v3,Q158,15,0.0,0.0,0.0,0.0,0,4,0
v3,Q158,16,0.0,0.0,0.0,0.0,0,4,0
v3,Q158,17,0.0,0.0,0.0,0.0,0,4,0
v3,Q158,18,0.0,0.0,0.0,0.0,0,4,0
v3,Q158,19,0.0,0.0,0.0,0.0,1,4,0
v3,Q158,20,0.0,0.0,0.0,0.0,0,4,0
v3,Q158,21,0.0,0.0,0.0,0.0,0,4,0
v3,Q158,22,0.0,0.0,0.0,0.0,1,4,0
v3,Q158,23,0.0,0.0,0.0,0.0,0,4,0
v3,Q158,24,0.0,0.0,0.0,0.0,1,4,0
v3,Q158,25,0.0,0.0,0.0,0.0,1,4,0
v3,Q159,1,0.0,0.0,0.0,0.0,0,5,0
v3,Q159,2,0.0,0.0,0.0,0.0,0,5,0
v3,Q159,3,0.0,0.0,0.0,0.0,0,5,0
v3,Q159,4,0.0,0.0,0.0,0.0,0,5,0
v3,Q159,5,0.0,0.0,0.0,0.0,0,5,0
v3,Q159,6,0.0,0.0,0.0,0.0,0,5,0
v3,Q159,7,0.0,0.0,0.0,0.0,0,5,0
v3,Q159,8,0.0,0.0,0.0,0.0,0,5,0
v3,Q159,9,0.0,0.0,0.0,0.0,0,5,0
v3,Q159,10,0.0,0.0,0.0,0.0,0,5,0
v3,Q159,11,0.0,0.0,0.0,0.0,0,5,0
v3,Q159,12,0.0,0.0,0.0,0.0,0,5,0
v3,Q159,13,0.0,0.0,0.0,0.0,0,5,0
v3,Q159,14,0.0,0.0,0.0,0.0,0,5,0
v3,Q159,15,0.0,0.0,0.0,0.0,0,5,0
v3,Q159,16,0.0,0.0,0.0,0.0,0,5,0
v3,Q159,17,0.0,0.0,0.0,0.0,0,5,0
v3,Q159,18,0.0,0.0,0.0,0.0,0,5,0
v3,Q159,19,0.0,0.0,0.0,0.0,0,5,0
v3,Q159,20,0.0,0.0,0.0,0.0,0,5,0
v3,Q159,21,0.0,0.0,0.0,0.0,0,5,0
v3,Q159,22,0.0,0.0,0.0,0.0,0,5,0
v3,Q159,23,0.0,0.0,0.0,0.0,0,5,0
v3,Q159,24,0.0,0.0,0.0,0.0,0,5,0
v3,Q159,25,0.0,0.0,0.0,0.0,0,5,0
v3,Q16,1,0.0,0.0,0.0,0.0,0,1,0
v3,Q16,2,0.0,0.0,0.0,0.0,0,1,0
v3,Q16,3,0.0,0.0,0.0,0.0,0,1,0
v3,Q16,4,0.0,0.0,0.0,0.0,0,1,0
v3,Q16,5,0.0,0.0,0.0,0.0,0,1,0
v3,Q16,6,0.0,0.0,0.0,0.0,0,1,0
v3,Q16,7,0.0,0.0,0.0,0.0,0,1,0
v3,Q16,8,0.0,0.0,0.0,0.0,0,1,0
v3,Q16,9,0.0,0.0,0.0,0.0,0,1,0
v3,Q16,10,0.0,0.0,0.0,0.0,0,1,0
v3,Q16,11,0.0,0.0,0.0,0.0,0,1,0
v3,Q16,12,0.0,0.0,0.0,0.0,0,1,0
v3,Q16,13,0.0,0.0,0.0,0.0,0,1,0
v3,Q16,14,0.0,0.0,0.0,0.0,0,1,0
v3,Q16,15,0.0,0.0,0.0,0.0,0,1,0
v3,Q16,16,0.0,0.0,0.0,0.0,0,1,0
v3,Q16,17,0.0,0.0,0.0,0.0,0,1,0
v3,Q16,18,0.0,0.0,0.0,0.0,0,1,0
v3,Q16,19,0.0,0.0,0.0,0.0,0,1,0
v3,Q16,20,0.0,0.0,0.0,0.0,0,1,0
v3,Q16,21,0.0,0.0,0.0,0.0,0,1,0
v3,Q16,22,0.0,0.0,0.0,0.0,0,1,0
v3,Q16,23,0.0,0.0,0.0,0.0,0,1,0
v3,Q16,24,0.0,0.0,0.0,0.0,0,1,0
v3,Q16,25,0.0,0.0,0.0,0.0,0,1,0
v3,Q160,1,0.0,0.0,0.0,0.0,0,7,0
v3,Q160,2,0.0,0.0,0.0,0.0,0,7,0
v3,Q160,3,0.0,0.0,0.0,0.0,0,7,0
v3,Q160,4,0.0,0.0,0.0,0.0,0,7,0
v3,Q160,5,1.0,0.14285714285714285,0.25,0.14285714285714285,1,7,1
v3,Q160,6,0.0,0.0,0.0,0.0,0,7,0
v3,Q160,7,0.0,0.0,0.0,0.0,0,7,0
v3,Q160,8,0.0,0.0,0.0,0.0,0,7,0
v3,Q160,9,0.0,0.0,0.0,0.0,0,7,0
v3,Q160,10,0.0,0.0,0.0,0.0,0,7,0
v3,Q160,11,0.0,0.0,0.0,0.0,0,7,0
v3,Q160,12,0.0,0.0,0.0,0.0,0,7,0
v3,Q160,13,0.0,0.0,0.0,0.0,0,7,0
v3,Q160,14,0.0,0.0,0.0,0.0,0,7,0
v3,Q160,15,0.0,0.0,0.0,0.0,0,7,0
v3,Q160,16,0.0,0.0,0.0,0.0,0,7,0
v3,Q160,17,0.0,0.0,0.0,0.0,0,7,0
v3,Q160,18,0.0,0.0,0.0,0.0,0,7,0
v3,Q160,19,0.0,0.0,0.0,0.0,0,7,0
v3,Q160,20,0.0,0.0,0.0,0.0,0,7,0
v3,Q160,21,0.0,0.0,0.0,0.0,0,7,0
v3,Q160,22,0.0,0.0,0.0,0.0,0,7,0
v3,Q160,23,0.0,0.0,0.0,0.0,0,7,0
v3,Q160,24,0.0,0.0,0.0,0.0,0,7,0
v3,Q160,25,0.0,0.0,0.0,0.0,0,7,0
v3,Q161,1,0.0,0.0,0.0,0.0,0,7,0
v3,Q161,2,0.0,0.0,0.0,0.0,0,7,0
v3,Q161,3,0.0,0.0,0.0,0.0,0,7,0
v3,Q161,4,0.0,0.0,0.0,0.0,0,7,0
v3,Q161,5,0.0,0.0,0.0,0.0,0,7,0
v3,Q161,6,0.0,0.0,0.0,0.0,0,7,0
v3,Q161,7,0.0,0.0,0.0,0.0,0,7,0
v3,Q161,8,0.0,0.0,0.0,0.0,0,7,0
v3,Q161,9,0.0,0.0,0.0,0.0,0,7,0
v3,Q161,10,0.0,0.0,0.0,0.0,0,7,0
v3,Q161,11,0.0,0.0,0.0,0.0,0,7,0
v3,Q161,12,0.0,0.0,0.0,0.0,0,7,0
v3,Q161,13,0.0,0.0,0.0,0.0,0,7,0
v3,Q161,14,0.0,0.0,0.0,0.0,0,7,0
v3,Q161,15,0.0,0.0,0.0,0.0,0,7,0
v3,Q161,16,0.0,0.0,0.0,0.0,0,7,0
v3,Q161,17,0.0,0.0,0.0,0.0,0,7,0
v3,Q161,18,0.0,0.0,0.0,0.0,0,7,0
v3,Q161,19,0.0,0.0,0.0,0.0,0,7,0
v3,Q161,20,0.0,0.0,0.0,0.0,0,7,0
v3,Q161,21,0.0,0.0,0.0,0.0,0,7,0
v3,Q161,22,0.0,0.0,0.0,0.0,0,7,0
v3,Q161,23,0.0,0.0,0.0,0.0,0,7,0
v3,Q161,24,0.0,0.0,0.0,0.0,0,7,0
v3,Q161,25,0.0,0.0,0.0,0.0,0,7,0
v3,Q162,1,0.0,0.0,0.0,0.0,0,10,0
v3,Q162,2,0.0,0.0,0.0,0.0,0,10,0
v3,Q162,3,0.0,0.0,0.0,0.0,0,10,0
v3,Q162,4,0.0,0.0,0.0,0.0,1,10,0
v3,Q162,5,1.0,0.1,0.18181818181818182,0.1,1,10,1
v3,Q162,6,0.0,0.0,0.0,0.0,0,10,0
v3,Q162,7,1.0,0.1,0.18181818181818182,0.1,1,10,1
v3,Q162,8,0.0,0.0,0.0,0.0,0,10,0
v3,Q162,9,0.0,0.0,0.0,0.0,0,10,0
v3,Q162,10,0.0,0.0,0.0,0.0,1,10,0
v3,Q162,11,0.0,0.0,0.0,0.0,0,10,0
v3,Q162,12,0.0,0.0,0.0,0.0,0,10,0
v3,Q162,13,0.0,0.0,0.0,0.0,0,10,0
v3,Q162,14,0.0,0.0,0.0,0.0,0,10,0
v3,Q162,15,0.0,0.0,0.0,0.0,0,10,0
v3,Q162,16,0.0,0.0,0.0,0.0,0,10,0
v3,Q162,17,0.0,0.0,0.0,0.0,0,10,0
v3,Q162,18,0.0,0.0,0.0,0.0,0,10,0
v3,Q162,19,1.0,0.1,0.18181818181818182,0.1,1,10,1
v3,Q162,20,0.0,0.0,0.0,0.0,0,10,0
v3,Q162,21,0.0,0.0,0.0,0.0,0,10,0
v3,Q162,22,0.0,0.0,0.0,0.0,0,10,0
v3,Q162,23,0.0,0.0,0.0,0.0,0,10,0
v3,Q162,24,0.0,0.0,0.0,0.0,0,10,0
v3,Q162,25,0.0,0.0,0.0,0.0,0,10,0
v3,Q163,1,0.0,0.0,0.0,0.0,0,7,0
v3,Q163,2,1.0,0.14285714285714285,0.25,0.14285714285714285,1,7,1
v3,Q163,3,0.0,0.0,0.0,0.0,0,7,0
v3,Q163,4,0.0,0.0,0.0,0.0,0,7,0
v3,Q163,5,0.0,0.0,0.0,0.0,0,7,0
v3,Q163,6,0.0,0.0,0.0,0.0,0,7,0
v3,Q163,7,0.0,0.0,0.0,0.0,0,7,0
v3,Q163,8,0.0,0.0,0.0,0.0,0,7,0
v3,Q163,9,1.0,0.14285714285714285,0.25,0.14285714285714285,1,7,1
v3,Q163,10,0.0,0.0,0.0,0.0,0,7,0
v3,Q163,11,0.0,0.0,0.0,0.0,1,7,0
v3,Q163,12,0.0,0.0,0.0,0.0,0,7,0
v3,Q163,13,0.0,0.0,0.0,0.0,0,7,0
v3,Q163,14,0.0,0.0,0.0,0.0,0,7,0
v3,Q163,15,0.0,0.0,0.0,0.0,0,7,0
v3,Q163,16,0.0,0.0,0.0,0.0,0,7,0
v3,Q163,17,0.0,0.0,0.0,0.0,0,7,0
v3,Q163,18,0.0,0.0,0.0,0.0,0,7,0
v3,Q163,19,1.0,0.14285714285714285,0.25,0.14285714285714285,1,7,1
v3,Q163,20,0.0,0.0,0.0,0.0,0,7,0
v3,Q163,21,1.0,0.14285714285714285,0.25,0.14285714285714285,1,7,1
v3,Q163,22,0.0,0.0,0.0,0.0,1,7,0
v3,Q163,23,0.0,0.0,0.0,0.0,1,7,0
v3,Q163,24,0.0,0.0,0.0,0.0,0,7,0
v3,Q163,25,0.0,0.0,0.0,0.0,0,7,0
v3,Q17,1,0.0,0.0,0.0,0.0,0,1,0
v3,Q17,2,0.0,0.0,0.0,0.0,0,1,0
v3,Q17,3,0.0,0.0,0.0,0.0,0,1,0
v3,Q17,4,0.0,0.0,0.0,0.0,0,1,0
v3,Q17,5,0.0,0.0,0.0,0.0,0,1,0
v3,Q17,6,0.0,0.0,0.0,0.0,0,1,0
v3,Q17,7,0.0,0.0,0.0,0.0,0,1,0
v3,Q17,8,0.0,0.0,0.0,0.0,0,1,0
v3,Q17,9,0.0,0.0,0.0,0.0,0,1,0
v3,Q17,10,0.0,0.0,0.0,0.0,0,1,0
v3,Q17,11,0.0,0.0,0.0,0.0,0,1,0
v3,Q17,12,0.0,0.0,0.0,0.0,0,1,0
v3,Q17,13,0.0,0.0,0.0,0.0,0,1,0
v3,Q17,14,0.0,0.0,0.0,0.0,0,1,0
v3,Q17,15,0.0,0.0,0.0,0.0,0,1,0
v3,Q17,16,0.0,0.0,0.0,0.0,0,1,0
v3,Q17,17,0.0,0.0,0.0,0.0,0,1,0
v3,Q17,18,0.0,0.0,0.0,0.0,0,1,0
v3,Q17,19,0.0,0.0,0.0,0.0,0,1,0
v3,Q17,20,0.0,0.0,0.0,0.0,0,1,0
v3,Q17,21,0.0,0.0,0.0,0.0,0,1,0
v3,Q17,22,0.0,0.0,0.0,0.0,0,1,0
v3,Q17,23,0.0,0.0,0.0,0.0,0,1,0
v3,Q17,24,0.0,0.0,0.0,0.0,0,1,0
v3,Q17,25,0.0,0.0,0.0,0.0,0,1,0
v3,Q18,1,0.0,0.0,0.0,0.0,0,1,0
v3,Q18,2,0.0,0.0,0.0,0.0,0,1,0
v3,Q18,3,0.0,0.0,0.0,0.0,0,1,0
v3,Q18,4,0.0,0.0,0.0,0.0,0,1,0
v3,Q18,5,0.0,0.0,0.0,0.0,0,1,0
v3,Q18,6,0.0,0.0,0.0,0.0,0,1,0
v3,Q18,7,0.0,0.0,0.0,0.0,0,1,0
v3,Q18,8,0.0,0.0,0.0,0.0,0,1,0
v3,Q18,9,0.0,0.0,0.0,0.0,0,1,0
v3,Q18,10,0.0,0.0,0.0,0.0,0,1,0
v3,Q18,11,0.0,0.0,0.0,0.0,0,1,0
v3,Q18,12,0.0,0.0,0.0,0.0,0,1,0
v3,Q18,13,0.0,0.0,0.0,0.0,0,1,0
v3,Q18,14,0.0,0.0,0.0,0.0,0,1,0
v3,Q18,15,0.0,0.0,0.0,0.0,0,1,0
v3,Q18,16,0.0,0.0,0.0,0.0,0,1,0
v3,Q18,17,0.0,0.0,0.0,0.0,0,1,0
v3,Q18,18,0.0,0.0,0.0,0.0,0,1,0
v3,Q18,19,0.0,0.0,0.0,0.0,0,1,0
v3,Q18,20,0.0,0.0,0.0,0.0,0,1,0
v3,Q18,21,0.0,0.0,0.0,0.0,0,1,0
v3,Q18,22,0.0,0.0,0.0,0.0,0,1,0
v3,Q18,23,0.0,0.0,0.0,0.0,0,1,0
v3,Q18,24,0.0,0.0,0.0,0.0,0,1,0
v3,Q18,25,0.0,0.0,0.0,0.0,0,1,0
v3,Q19,1,0.0,0.0,0.0,0.0,0,1,0
v3,Q19,2,0.0,0.0,0.0,0.0,0,1,0
v3,Q19,3,0.0,0.0,0.0,0.0,0,1,0
v3,Q19,4,0.0,0.0,0.0,0.0,0,1,0
v3,Q19,5,0.0,0.0,0.0,0.0,0,1,0
v3,Q19,6,0.0,0.0,0.0,0.0,0,1,0
v3,Q19,7,0.0,0.0,0.0,0.0,0,1,0
v3,Q19,8,0.0,0.0,0.0,0.0,0,1,0
v3,Q19,9,0.0,0.0,0.0,0.0,0,1,0
v3,Q19,10,0.0,0.0,0.0,0.0,0,1,0
v3,Q19,11,0.0,0.0,0.0,0.0,0,1,0
v3,Q19,12,0.0,0.0,0.0,0.0,0,1,0
v3,Q19,13,0.0,0.0,0.0,0.0,0,1,0
v3,Q19,14,0.0,0.0,0.0,0.0,0,1,0
v3,Q19,15,0.0,0.0,0.0,0.0,0,1,0
v3,Q19,16,0.0,0.0,0.0,0.0,0,1,0
v3,Q19,17,0.0,0.0,0.0,0.0,0,1,0
v3,Q19,18,0.0,0.0,0.0,0.0,0,1,0
v3,Q19,19,0.0,0.0,0.0,0.0,0,1,0
v3,Q19,20,0.0,0.0,0.0,0.0,0,1,0
v3,Q19,21,0.0,0.0,0.0,0.0,0,1,0
v3,Q19,22,0.0,0.0,0.0,0.0,0,1,0
v3,Q19,23,0.0,0.0,0.0,0.0,0,1,0
v3,Q19,24,0.0,0.0,0.0,0.0,0,1,0
v3,Q19,25,0.0,0.0,0.0,0.0,0,1,0
v3,Q2,1,0.0,0.0,0.0,0.0,0,5,0
v3,Q2,2,0.0,0.0,0.0,0.0,0,5,0
v3,Q2,3,0.0,0.0,0.0,0.0,0,5,0
v3,Q2,4,0.0,0.0,0.0,0.0,0,5,0
v3,Q2,5,0.0,0.0,0.0,0.0,0,5,0
v3,Q2,6,0.0,0.0,0.0,0.0,0,5,0
v3,Q2,7,0.0,0.0,0.0,0.0,0,5,0
v3,Q2,8,0.0,0.0,0.0,0.0,0,5,0
v3,Q2,9,0.0,0.0,0.0,0.0,0,5,0
v3,Q2,10,0.0,0.0,0.0,0.0,0,5,0
v3,Q2,11,0.0,0.0,0.0,0.0,1,5,0
v3,Q2,12,0.0,0.0,0.0,0.0,0,5,0
v3,Q2,13,0.0,0.0,0.0,0.0,0,5,0
v3,Q2,14,0.0,0.0,0.0,0.0,0,5,0
v3,Q2,15,0.0,0.0,0.0,0.0,1,5,0
v3,Q2,16,0.0,0.0,0.0,0.0,0,5,0
v3,Q2,17,0.0,0.0,0.0,0.0,0,5,0
v3,Q2,18,0.0,0.0,0.0,0.0,0,5,0
v3,Q2,19,0.0,0.0,0.0,0.0,0,5,0
v3,Q2,20,0.0,0.0,0.0,0.0,1,5,0
v3,Q2,21,0.0,0.0,0.0,0.0,1,5,0
v3,Q2,22,0.0,0.0,0.0,0.0,0,5,0
v3,Q2,23,0.0,0.0,0.0,0.0,0,5,0
v3,Q2,24,0.0,0.0,0.0,0.0,0,5,0
v3,Q2,25,0.0,0.0,0.0,0.0,0,5,0
v3,Q20,1,0.0,0.0,0.0,0.0,0,1,0
v3,Q20,2,0.0,0.0,0.0,0.0,0,1,0
v3,Q20,3,0.0,0.0,0.0,0.0,0,1,0
v3,Q20,4,0.0,0.0,0.0,0.0,0,1,0
v3,Q20,5,0.0,0.0,0.0,0.0,0,1,0
v3,Q20,6,0.0,0.0,0.0,0.0,0,1,0
v3,Q20,7,0.0,0.0,0.0,0.0,0,1,0
v3,Q20,8,0.0,0.0,0.0,0.0,0,1,0
v3,Q20,9,0.0,0.0,0.0,0.0,0,1,0
v3,Q20,10,0.0,0.0,0.0,0.0,0,1,0
v3,Q20,11,0.0,0.0,0.0,0.0,0,1,0
v3,Q20,12,0.0,0.0,0.0,0.0,0,1,0
v3,Q20,13,0.0,0.0,0.0,0.0,0,1,0
v3,Q20,14,0.0,0.0,0.0,0.0,0,1,0
v3,Q20,15,0.0,0.0,0.0,0.0,0,1,0
v3,Q20,16,0.0,0.0,0.0,0.0,0,1,0
v3,Q20,17,0.0,0.0,0.0,0.0,0,1,0
v3,Q20,18,0.0,0.0,0.0,0.0,0,1,0
v3,Q20,19,0.0,0.0,0.0,0.0,0,1,0
v3,Q20,20,0.0,0.0,0.0,0.0,0,1,0
v3,Q20,21,0.0,0.0,0.0,0.0,0,1,0
v3,Q20,22,0.0,0.0,0.0,0.0,0,1,0
v3,Q20,23,0.0,0.0,0.0,0.0,0,1,0
v3,Q20,24,0.0,0.0,0.0,0.0,0,1,0
v3,Q20,25,0.0,0.0,0.0,0.0,0,1,0
v3,Q21,1,0.0,0.0,0.0,0.0,0,2,0
v3,Q21,2,0.0,0.0,0.0,0.0,0,2,0
v3,Q21,3,0.0,0.0,0.0,0.0,1,2,0
v3,Q21,4,0.0,0.0,0.0,0.0,1,2,0
v3,Q21,5,0.0,0.0,0.0,0.0,0,2,0
v3,Q21,6,0.0,0.0,0.0,0.0,0,2,0
v3,Q21,7,0.0,0.0,0.0,0.0,1,2,0
v3,Q21,8,0.0,0.0,0.0,0.0,0,2,0
v3,Q21,9,0.0,0.0,0.0,0.0,1,2,0
v3,Q21,10,0.0,0.0,0.0,0.0,0,2,0
v3,Q21,11,0.0,0.0,0.0,0.0,1,2,0
v3,Q21,12,0.0,0.0,0.0,0.0,1,2,0
v3,Q21,13,0.0,0.0,0.0,0.0,0,2,0
v3,Q21,14,0.0,0.0,0.0,0.0,1,2,0
v3,Q21,15,0.0,0.0,0.0,0.0,0,2,0
v3,Q21,16,0.0,0.0,0.0,0.0,0,2,0
v3,Q21,17,0.0,0.0,0.0,0.0,1,2,0
v3,Q21,18,0.0,0.0,0.0,0.0,0,2,0
v3,Q21,19,0.0,0.0,0.0,0.0,1,2,0
v3,Q21,20,0.0,0.0,0.0,0.0,0,2,0
v3,Q21,21,0.0,0.0,0.0,0.0,1,2,0
v3,Q21,22,0.0,0.0,0.0,0.0,0,2,0
v3,Q21,23,0.0,0.0,0.0,0.0,1,2,0
v3,Q21,24,0.0,0.0,0.0,0.0,0,2,0
v3,Q21,25,0.0,0.0,0.0,0.0,0,2,0
v3,Q22,1,0.0,0.0,0.0,0.0,1,1,0
v3,Q22,2,0.0,0.0,0.0,0.0,1,1,0
v3,Q22,3,0.0,0.0,0.0,0.0,1,1,0
v3,Q22,4,0.0,0.0,0.0,0.0,1,1,0
v3,Q22,5,0.0,0.0,0.0,0.0,1,1,0
v3,Q22,6,0.0,0.0,0.0,0.0,0,1,0
v3,Q22,7,0.0,0.0,0.0,0.0,1,1,0
v3,Q22,8,0.0,0.0,0.0,0.0,1,1,0
v3,Q22,9,0.0,0.0,0.0,0.0,0,1,0
v3,Q22,10,0.0,0.0,0.0,0.0,0,1,0
v3,Q22,11,0.0,0.0,0.0,0.0,1,1,0
v3,Q22,12,0.0,0.0,0.0,0.0,1,1,0
v3,Q22,13,0.0,0.0,0.0,0.0,1,1,0
v3,Q22,14,0.0,0.0,0.0,0.0,0,1,0
v3,Q22,15,0.0,0.0,0.0,0.0,1,1,0
v3,Q22,16,0.0,0.0,0.0,0.0,1,1,0
v3,Q22,17,0.0,0.0,0.0,0.0,1,1,0
v3,Q22,18,0.0,0.0,0.0,0.0,1,1,0
v3,Q22,19,0.0,0.0,0.0,0.0,1,1,0
v3,Q22,20,0.0,0.0,0.0,0.0,1,1,0
v3,Q22,21,0.0,0.0,0.0,0.0,1,1,0
v3,Q22,22,0.0,0.0,0.0,0.0,1,1,0
v3,Q22,23,0.0,0.0,0.0,0.0,1,1,0
v3,Q22,24,0.0,0.0,0.0,0.0,1,1,0
v3,Q22,25,0.0,0.0,0.0,0.0,1,1,0
v3,Q23,1,0.0,0.0,0.0,0.0,0,1,0
v3,Q23,2,0.0,0.0,0.0,0.0,0,1,0
v3,Q23,3,0.0,0.0,0.0,0.0,0,1,0
v3,Q23,4,0.0,0.0,0.0,0.0,0,1,0
v3,Q23,5,0.0,0.0,0.0,0.0,0,1,0
v3,Q23,6,0.0,0.0,0.0,0.0,0,1,0
v3,Q23,7,0.0,0.0,0.0,0.0,0,1,0
v3,Q23,8,0.0,0.0,0.0,0.0,0,1,0
v3,Q23,9,0.0,0.0,0.0,0.0,0,1,0
v3,Q23,10,0.0,0.0,0.0,0.0,0,1,0
v3,Q23,11,0.0,0.0,0.0,0.0,0,1,0
v3,Q23,12,0.0,0.0,0.0,0.0,0,1,0
v3,Q23,13,0.0,0.0,0.0,0.0,0,1,0
v3,Q23,14,0.0,0.0,0.0,0.0,0,1,0
v3,Q23,15,0.0,0.0,0.0,0.0,0,1,0
v3,Q23,16,0.0,0.0,0.0,0.0,0,1,0
v3,Q23,17,0.0,0.0,0.0,0.0,0,1,0
v3,Q23,18,0.0,0.0,0.0,0.0,0,1,0
v3,Q23,19,0.0,0.0,0.0,0.0,0,1,0
v3,Q23,20,0.0,0.0,0.0,0.0,0,1,0
v3,Q23,21,0.0,0.0,0.0,0.0,0,1,0
v3,Q23,22,0.0,0.0,0.0,0.0,0,1,0
v3,Q23,23,0.0,0.0,0.0,0.0,0,1,0
v3,Q23,24,0.0,0.0,0.0,0.0,0,1,0
v3,Q23,25,0.0,0.0,0.0,0.0,0,1,0
v3,Q24,1,0.0,0.0,0.0,0.0,0,8,0
v3,Q24,2,0.0,0.0,0.0,0.0,0,8,0
v3,Q24,3,0.0,0.0,0.0,0.0,0,8,0
v3,Q24,4,0.0,0.0,0.0,0.0,0,8,0
v3,Q24,5,0.0,0.0,0.0,0.0,0,8,0
v3,Q24,6,0.0,0.0,0.0,0.0,0,8,0
v3,Q24,7,0.0,0.0,0.0,0.0,0,8,0
v3,Q24,8,0.0,0.0,0.0,0.0,0,8,0
v3,Q24,9,0.0,0.0,0.0,0.0,0,8,0
v3,Q24,10,0.0,0.0,0.0,0.0,0,8,0
v3,Q24,11,0.0,0.0,0.0,0.0,0,8,0
v3,Q24,12,0.0,0.0,0.0,0.0,0,8,0
v3,Q24,13,0.0,0.0,0.0,0.0,0,8,0
v3,Q24,14,0.0,0.0,0.0,0.0,0,8,0
v3,Q24,15,0.0,0.0,0.0,0.0,0,8,0
v3,Q24,16,0.0,0.0,0.0,0.0,0,8,0
v3,Q24,17,0.0,0.0,0.0,0.0,0,8,0
v3,Q24,18,0.0,0.0,0.0,0.0,0,8,0
v3,Q24,19,0.0,0.0,0.0,0.0,0,8,0
v3,Q24,20,0.0,0.0,0.0,0.0,0,8,0
v3,Q24,21,0.0,0.0,0.0,0.0,0,8,0
v3,Q24,22,0.0,0.0,0.0,0.0,0,8,0
v3,Q24,23,0.0,0.0,0.0,0.0,0,8,0
v3,Q24,24,0.0,0.0,0.0,0.0,0,8,0
v3,Q24,25,0.0,0.0,0.0,0.0,0,8,0
v3,Q25,1,0.0,0.0,0.0,0.0,1,4,0
v3,Q25,2,0.0,0.0,0.0,0.0,1,4,0
v3,Q25,3,0.0,0.0,0.0,0.0,1,4,0
v3,Q25,4,0.0,0.0,0.0,0.0,1,4,0
v3,Q25,5,0.0,0.0,0.0,0.0,1,4,0
v3,Q25,6,0.0,0.0,0.0,0.0,1,4,0
v3,Q25,7,0.0,0.0,0.0,0.0,1,4,0
v3,Q25,8,0.0,0.0,0.0,0.0,1,4,0
v3,Q25,9,0.0,0.0,0.0,0.0,2,4,0
v3,Q25,10,0.0,0.0,0.0,0.0,1,4,0
v3,Q25,11,0.0,0.0,0.0,0.0,1,4,0
v3,Q25,12,0.0,0.0,0.0,0.0,1,4,0
v3,Q25,13,0.0,0.0,0.0,0.0,1,4,0
v3,Q25,14,0.0,0.0,0.0,0.0,1,4,0
v3,Q25,15,0.0,0.0,0.0,0.0,1,4,0
v3,Q25,16,0.0,0.0,0.0,0.0,1,4,0
v3,Q25,17,0.0,0.0,0.0,0.0,2,4,0
v3,Q25,18,0.0,0.0,0.0,0.0,1,4,0
v3,Q25,19,0.0,0.0,0.0,0.0,1,4,0
v3,Q25,20,0.0,0.0,0.0,0.0,1,4,0
v3,Q25,21,0.0,0.0,0.0,0.0,1,4,0
v3,Q25,22,0.0,0.0,0.0,0.0,1,4,0
v3,Q25,23,0.0,0.0,0.0,0.0,1,4,0
v3,Q25,24,0.0,0.0,0.0,0.0,1,4,0
v3,Q25,25,0.0,0.0,0.0,0.0,1,4,0
v3,Q26,1,0.0,0.0,0.0,0.0,0,4,0
v3,Q26,2,0.0,0.0,0.0,0.0,0,4,0
v3,Q26,3,0.0,0.0,0.0,0.0,0,4,0
v3,Q26,4,0.0,0.0,0.0,0.0,0,4,0
v3,Q26,5,0.0,0.0,0.0,0.0,0,4,0
v3,Q26,6,0.0,0.0,0.0,0.0,0,4,0
v3,Q26,7,0.0,0.0,0.0,0.0,0,4,0
v3,Q26,8,0.0,0.0,0.0,0.0,0,4,0
v3,Q26,9,0.0,0.0,0.0,0.0,0,4,0
v3,Q26,10,0.0,0.0,0.0,0.0,0,4,0
v3,Q26,11,0.0,0.0,0.0,0.0,0,4,0
v3,Q26,12,0.0,0.0,0.0,0.0,0,4,0
v3,Q26,13,0.0,0.0,0.0,0.0,0,4,0
v3,Q26,14,0.0,0.0,0.0,0.0,0,4,0
v3,Q26,15,0.0,0.0,0.0,0.0,0,4,0
v3,Q26,16,0.0,0.0,0.0,0.0,0,4,0
v3,Q26,17,0.0,0.0,0.0,0.0,0,4,0
v3,Q26,18,0.0,0.0,0.0,0.0,0,4,0
v3,Q26,19,0.0,0.0,0.0,0.0,0,4,0
v3,Q26,20,0.0,0.0,0.0,0.0,0,4,0
v3,Q26,21,0.0,0.0,0.0,0.0,0,4,0
v3,Q26,22,0.0,0.0,0.0,0.0,0,4,0
v3,Q26,23,0.0,0.0,0.0,0.0,0,4,0
v3,Q26,24,0.0,0.0,0.0,0.0,0,4,0
v3,Q26,25,0.0,0.0,0.0,0.0,0,4,0
v3,Q27,1,0.0,0.0,0.0,0.0,0,2,0
v3,Q27,2,0.0,0.0,0.0,0.0,0,2,0
v3,Q27,3,0.0,0.0,0.0,0.0,0,2,0
v3,Q27,4,0.0,0.0,0.0,0.0,0,2,0
v3,Q27,5,0.0,0.0,0.0,0.0,0,2,0
v3,Q27,6,0.0,0.0,0.0,0.0,0,2,0
v3,Q27,7,0.0,0.0,0.0,0.0,0,2,0
v3,Q27,8,0.0,0.0,0.0,0.0,0,2,0
v3,Q27,9,0.0,0.0,0.0,0.0,0,2,0
v3,Q27,10,0.0,0.0,0.0,0.0,0,2,0
v3,Q27,11,0.0,0.0,0.0,0.0,0,2,0
v3,Q27,12,0.0,0.0,0.0,0.0,0,2,0
v3,Q27,13,0.0,0.0,0.0,0.0,0,2,0
v3,Q27,14,0.0,0.0,0.0,0.0,0,2,0
v3,Q27,15,0.0,0.0,0.0,0.0,0,2,0
v3,Q27,16,0.0,0.0,0.0,0.0,0,2,0
v3,Q27,17,0.0,0.0,0.0,0.0,0,2,0
v3,Q27,18,0.0,0.0,0.0,0.0,0,2,0
v3,Q27,19,0.0,0.0,0.0,0.0,0,2,0
v3,Q27,20,0.0,0.0,0.0,0.0,0,2,0
v3,Q27,21,0.0,0.0,0.0,0.0,0,2,0
v3,Q27,22,0.0,0.0,0.0,0.0,0,2,0
v3,Q27,23,0.0,0.0,0.0,0.0,0,2,0
v3,Q27,24,0.0,0.0,0.0,0.0,0,2,0
v3,Q27,25,0.0,0.0,0.0,0.0,0,2,0
v3,Q28,1,0.0,0.0,0.0,0.0,0,1,0
v3,Q28,2,0.0,0.0,0.0,0.0,0,1,0
v3,Q28,3,0.0,0.0,0.0,0.0,0,1,0
v3,Q28,4,0.0,0.0,0.0,0.0,0,1,0
v3,Q28,5,0.0,0.0,0.0,0.0,0,1,0
v3,Q28,6,0.0,0.0,0.0,0.0,0,1,0
v3,Q28,7,0.0,0.0,0.0,0.0,0,1,0
v3,Q28,8,0.0,0.0,0.0,0.0,0,1,0
v3,Q28,9,0.0,0.0,0.0,0.0,0,1,0
v3,Q28,10,0.0,0.0,0.0,0.0,0,1,0
v3,Q28,11,0.0,0.0,0.0,0.0,0,1,0
v3,Q28,12,0.0,0.0,0.0,0.0,0,1,0
v3,Q28,13,0.0,0.0,0.0,0.0,0,1,0
v3,Q28,14,0.0,0.0,0.0,0.0,0,1,0
v3,Q28,15,0.0,0.0,0.0,0.0,0,1,0
v3,Q28,16,0.0,0.0,0.0,0.0,0,1,0
v3,Q28,17,0.0,0.0,0.0,0.0,0,1,0
v3,Q28,18,0.0,0.0,0.0,0.0,0,1,0
v3,Q28,19,0.0,0.0,0.0,0.0,0,1,0
v3,Q28,20,0.0,0.0,0.0,0.0,0,1,0
v3,Q28,21,0.0,0.0,0.0,0.0,0,1,0
v3,Q28,22,0.0,0.0,0.0,0.0,0,1,0
v3,Q28,23,0.0,0.0,0.0,0.0,0,1,0
v3,Q28,24,0.0,0.0,0.0,0.0,0,1,0
v3,Q28,25,0.0,0.0,0.0,0.0,0,1,0
v3,Q29,1,0.0,0.0,0.0,0.0,1,1,0
v3,Q29,2,0.0,0.0,0.0,0.0,1,1,0
v3,Q29,3,0.0,0.0,0.0,0.0,1,1,0
v3,Q29,4,0.0,0.0,0.0,0.0,1,1,0
v3,Q29,5,0.0,0.0,0.0,0.0,1,1,0
v3,Q29,6,0.0,0.0,0.0,0.0,1,1,0
v3,Q29,7,0.0,0.0,0.0,0.0,1,1,0
v3,Q29,8,0.0,0.0,0.0,0.0,1,1,0
v3,Q29,9,0.0,0.0,0.0,0.0,1,1,0
v3,Q29,10,0.0,0.0,0.0,0.0,1,1,0
v3,Q29,11,0.0,0.0,0.0,0.0,1,1,0
v3,Q29,12,0.0,0.0,0.0,0.0,1,1,0
v3,Q29,13,0.0,0.0,0.0,0.0,1,1,0
v3,Q29,14,0.0,0.0,0.0,0.0,1,1,0
v3,Q29,15,0.0,0.0,0.0,0.0,1,1,0
v3,Q29,16,0.0,0.0,0.0,0.0,1,1,0
v3,Q29,17,0.0,0.0,0.0,0.0,1,1,0
v3,Q29,18,0.0,0.0,0.0,0.0,1,1,0
v3,Q29,19,0.0,0.0,0.0,0.0,1,1,0
v3,Q29,20,0.0,0.0,0.0,0.0,1,1,0
v3,Q29,21,0.0,0.0,0.0,0.0,1,1,0
v3,Q29,22,0.0,0.0,0.0,0.0,1,1,0
v3,Q29,23,0.0,0.0,0.0,0.0,1,1,0
v3,Q29,24,0.0,0.0,0.0,0.0,1,1,0
v3,Q29,25,0.0,0.0,0.0,0.0,1,1,0
v3,Q3,1,0.0,0.0,0.0,0.0,0,1,0
v3,Q3,2,0.0,0.0,0.0,0.0,0,1,0
v3,Q3,3,0.0,0.0,0.0,0.0,0,1,0
v3,Q3,4,0.0,0.0,0.0,0.0,0,1,0
v3,Q3,5,0.0,0.0,0.0,0.0,0,1,0
v3,Q3,6,0.0,0.0,0.0,0.0,0,1,0
v3,Q3,7,0.0,0.0,0.0,0.0,0,1,0
v3,Q3,8,0.0,0.0,0.0,0.0,0,1,0
v3,Q3,9,0.0,0.0,0.0,0.0,0,1,0
v3,Q3,10,0.0,0.0,0.0,0.0,0,1,0
v3,Q3,11,0.0,0.0,0.0,0.0,0,1,0
v3,Q3,12,0.0,0.0,0.0,0.0,0,1,0
v3,Q3,13,0.0,0.0,0.0,0.0,0,1,0
v3,Q3,14,0.0,0.0,0.0,0.0,0,1,0
v3,Q3,15,0.0,0.0,0.0,0.0,0,1,0
v3,Q3,16,0.0,0.0,0.0,0.0,0,1,0
v3,Q3,17,0.0,0.0,0.0,0.0,0,1,0
v3,Q3,18,0.0,0.0,0.0,0.0,0,1,0
v3,Q3,19,0.0,0.0,0.0,0.0,0,1,0
v3,Q3,20,0.0,0.0,0.0,0.0,0,1,0
v3,Q3,21,0.0,0.0,0.0,0.0,0,1,0
v3,Q3,22,0.0,0.0,0.0,0.0,0,1,0
v3,Q3,23,0.0,0.0,0.0,0.0,0,1,0
v3,Q3,24,0.0,0.0,0.0,0.0,0,1,0
v3,Q3,25,0.0,0.0,0.0,0.0,0,1,0
v3,Q30,1,0.0,0.0,0.0,0.0,1,2,0
v3,Q30,2,0.0,0.0,0.0,0.0,1,2,0
v3,Q30,3,0.0,0.0,0.0,0.0,1,2,0
v3,Q30,4,0.0,0.0,0.0,0.0,1,2,0
v3,Q30,5,0.0,0.0,0.0,0.0,1,2,0
v3,Q30,6,0.0,0.0,0.0,0.0,1,2,0
v3,Q30,7,0.0,0.0,0.0,0.0,1,2,0
v3,Q30,8,0.0,0.0,0.0,0.0,1,2,0
v3,Q30,9,0.0,0.0,0.0,0.0,1,2,0
v3,Q30,10,0.0,0.0,0.0,0.0,1,2,0
v3,Q30,11,0.0,0.0,0.0,0.0,1,2,0
v3,Q30,12,0.0,0.0,0.0,0.0,1,2,0
v3,Q30,13,0.0,0.0,0.0,0.0,1,2,0
v3,Q30,14,0.0,0.0,0.0,0.0,0,2,0
v3,Q30,15,0.0,0.0,0.0,0.0,1,2,0
v3,Q30,16,0.0,0.0,0.0,0.0,1,2,0
v3,Q30,17,0.0,0.0,0.0,0.0,1,2,0
v3,Q30,18,0.0,0.0,0.0,0.0,1,2,0
v3,Q30,19,0.0,0.0,0.0,0.0,1,2,0
v3,Q30,20,0.0,0.0,0.0,0.0,1,2,0
v3,Q30,21,0.0,0.0,0.0,0.0,0,2,0
v3,Q30,22,0.0,0.0,0.0,0.0,0,2,0
v3,Q30,23,0.0,0.0,0.0,0.0,1,2,0
v3,Q30,24,0.0,0.0,0.0,0.0,1,2,0
v3,Q30,25,0.0,0.0,0.0,0.0,1,2,0
v3,Q31,1,0.0,0.0,0.0,0.0,0,2,0
v3,Q31,2,0.0,0.0,0.0,0.0,0,2,0
v3,Q31,3,0.0,0.0,0.0,0.0,0,2,0
v3,Q31,4,0.0,0.0,0.0,0.0,0,2,0
v3,Q31,5,0.0,0.0,0.0,0.0,0,2,0
v3,Q31,6,0.0,0.0,0.0,0.0,0,2,0
v3,Q31,7,0.0,0.0,0.0,0.0,0,2,0
v3,Q31,8,0.0,0.0,0.0,0.0,0,2,0
v3,Q31,9,0.0,0.0,0.0,0.0,0,2,0
v3,Q31,10,0.0,0.0,0.0,0.0,0,2,0
v3,Q31,11,0.0,0.0,0.0,0.0,0,2,0
v3,Q31,12,0.0,0.0,0.0,0.0,0,2,0
v3,Q31,13,0.0,0.0,0.0,0.0,0,2,0
v3,Q31,14,0.0,0.0,0.0,0.0,0,2,0
v3,Q31,15,0.0,0.0,0.0,0.0,0,2,0
v3,Q31,16,0.0,0.0,0.0,0.0,0,2,0
v3,Q31,17,0.0,0.0,0.0,0.0,0,2,0
v3,Q31,18,0.0,0.0,0.0,0.0,0,2,0
v3,Q31,19,0.0,0.0,0.0,0.0,0,2,0
v3,Q31,20,0.0,0.0,0.0,0.0,0,2,0
v3,Q31,21,0.0,0.0,0.0,0.0,0,2,0
v3,Q31,22,0.0,0.0,0.0,0.0,0,2,0
v3,Q31,23,0.0,0.0,0.0,0.0,0,2,0
v3,Q31,24,0.0,0.0,0.0,0.0,0,2,0
v3,Q31,25,0.0,0.0,0.0,0.0,0,2,0
v3,Q32,1,0.0,0.0,0.0,0.0,1,1,0
v3,Q32,2,0.0,0.0,0.0,0.0,1,1,0
v3,Q32,3,0.0,0.0,0.0,0.0,1,1,0
v3,Q32,4,0.0,0.0,0.0,0.0,1,1,0
v3,Q32,5,0.0,0.0,0.0,0.0,1,1,0
v3,Q32,6,0.0,0.0,0.0,0.0,1,1,0
v3,Q32,7,0.0,0.0,0.0,0.0,1,1,0
v3,Q32,8,0.0,0.0,0.0,0.0,1,1,0
v3,Q32,9,0.0,0.0,0.0,0.0,1,1,0
v3,Q32,10,0.0,0.0,0.0,0.0,1,1,0
v3,Q32,11,0.0,0.0,0.0,0.0,1,1,0
v3,Q32,12,0.0,0.0,0.0,0.0,1,1,0
v3,Q32,13,0.0,0.0,0.0,0.0,1,1,0
v3,Q32,14,0.0,0.0,0.0,0.0,1,1,0
v3,Q32,15,0.0,0.0,0.0,0.0,1,1,0
v3,Q32,16,0.0,0.0,0.0,0.0,1,1,0
v3,Q32,17,0.0,0.0,0.0,0.0,1,1,0
v3,Q32,18,0.0,0.0,0.0,0.0,1,1,0
v3,Q32,19,0.0,0.0,0.0,0.0,1,1,0
v3,Q32,20,0.0,0.0,0.0,0.0,2,1,0
v3,Q32,21,0.0,0.0,0.0,0.0,1,1,0
v3,Q32,22,0.0,0.0,0.0,0.0,1,1,0
v3,Q32,23,0.0,0.0,0.0,0.0,1,1,0
v3,Q32,24,0.0,0.0,0.0,0.0,1,1,0
v3,Q32,25,0.0,0.0,0.0,0.0,1,1,0
v3,Q33,1,0.0,0.0,0.0,0.0,0,5,0
v3,Q33,2,0.0,0.0,0.0,0.0,0,5,0
v3,Q33,3,0.0,0.0,0.0,0.0,1,5,0
v3,Q33,4,0.0,0.0,0.0,0.0,1,5,0
v3,Q33,5,0.0,0.0,0.0,0.0,0,5,0
v3,Q33,6,0.0,0.0,0.0,0.0,1,5,0
v3,Q33,7,0.0,0.0,0.0,0.0,0,5,0
v3,Q33,8,0.0,0.0,0.0,0.0,0,5,0
v3,Q33,9,0.0,0.0,0.0,0.0,0,5,0
v3,Q33,10,0.0,0.0,0.0,0.0,0,5,0
v3,Q33,11,0.0,0.0,0.0,0.0,0,5,0
v3,Q33,12,0.0,0.0,0.0,0.0,0,5,0
v3,Q33,13,0.0,0.0,0.0,0.0,0,5,0
v3,Q33,14,0.0,0.0,0.0,0.0,1,5,0
v3,Q33,15,0.0,0.0,0.0,0.0,0,5,0
v3,Q33,16,0.0,0.0,0.0,0.0,1,5,0
v3,Q33,17,0.0,0.0,0.0,0.0,0,5,0
v3,Q33,18,0.0,0.0,0.0,0.0,0,5,0
v3,Q33,19,0.0,0.0,0.0,0.0,1,5,0
v3,Q33,20,0.0,0.0,0.0,0.0,1,5,0
v3,Q33,21,0.0,0.0,0.0,0.0,1,5,0
v3,Q33,22,0.0,0.0,0.0,0.0,0,5,0
v3,Q33,23,0.0,0.0,0.0,0.0,1,5,0
v3,Q33,24,0.0,0.0,0.0,0.0,1,5,0
v3,Q33,25,0.0,0.0,0.0,0.0,1,5,0
v3,Q34,1,0.0,0.0,0.0,0.0,0,3,0
v3,Q34,2,0.0,0.0,0.0,0.0,0,3,0
v3,Q34,3,0.0,0.0,0.0,0.0,0,3,0
v3,Q34,4,0.0,0.0,0.0,0.0,0,3,0
v3,Q34,5,0.0,0.0,0.0,0.0,0,3,0
v3,Q34,6,0.0,0.0,0.0,0.0,0,3,0
v3,Q34,7,0.0,0.0,0.0,0.0,0,3,0
v3,Q34,8,0.0,0.0,0.0,0.0,0,3,0
v3,Q34,9,0.0,0.0,0.0,0.0,0,3,0
v3,Q34,10,0.0,0.0,0.0,0.0,0,3,0
v3,Q34,11,0.0,0.0,0.0,0.0,0,3,0
v3,Q34,12,0.0,0.0,0.0,0.0,0,3,0
v3,Q34,13,0.0,0.0,0.0,0.0,0,3,0
v3,Q34,14,0.0,0.0,0.0,0.0,0,3,0
v3,Q34,15,0.0,0.0,0.0,0.0,0,3,0
v3,Q34,16,0.0,0.0,0.0,0.0,0,3,0
v3,Q34,17,0.0,0.0,0.0,0.0,0,3,0
v3,Q34,18,0.0,0.0,0.0,0.0,0,3,0
v3,Q34,19,0.0,0.0,0.0,0.0,0,3,0
v3,Q34,20,0.0,0.0,0.0,0.0,0,3,0
v3,Q34,21,0.0,0.0,0.0,0.0,0,3,0
v3,Q34,22,0.0,0.0,0.0,0.0,0,3,0
v3,Q34,23,0.0,0.0,0.0,0.0,0,3,0
v3,Q34,24,0.0,0.0,0.0,0.0,0,3,0
v3,Q34,25,0.0,0.0,0.0,0.0,0,3,0
v3,Q35,1,0.0,0.0,0.0,0.0,0,2,0
v3,Q35,2,0.0,0.0,0.0,0.0,0,2,0
v3,Q35,3,0.0,0.0,0.0,0.0,0,2,0
v3,Q35,4,0.0,0.0,0.0,0.0,0,2,0
v3,Q35,5,0.0,0.0,0.0,0.0,0,2,0
v3,Q35,6,0.0,0.0,0.0,0.0,0,2,0
v3,Q35,7,0.0,0.0,0.0,0.0,0,2,0
v3,Q35,8,0.0,0.0,0.0,0.0,0,2,0
v3,Q35,9,0.0,0.0,0.0,0.0,0,2,0
v3,Q35,10,0.0,0.0,0.0,0.0,0,2,0
v3,Q35,11,0.0,0.0,0.0,0.0,0,2,0
v3,Q35,12,0.0,0.0,0.0,0.0,0,2,0
v3,Q35,13,0.0,0.0,0.0,0.0,0,2,0
v3,Q35,14,0.0,0.0,0.0,0.0,0,2,0
v3,Q35,15,0.0,0.0,0.0,0.0,0,2,0
v3,Q35,16,0.0,0.0,0.0,0.0,0,2,0
v3,Q35,17,0.0,0.0,0.0,0.0,0,2,0
v3,Q35,18,0.0,0.0,0.0,0.0,0,2,0
v3,Q35,19,0.0,0.0,0.0,0.0,0,2,0
v3,Q35,20,0.0,0.0,0.0,0.0,0,2,0
v3,Q35,21,0.0,0.0,0.0,0.0,0,2,0
v3,Q35,22,0.0,0.0,0.0,0.0,0,2,0
v3,Q35,23,0.0,0.0,0.0,0.0,0,2,0
v3,Q35,24,0.0,0.0,0.0,0.0,0,2,0
v3,Q35,25,0.0,0.0,0.0,0.0,0,2,0
v3,Q36,1,0.0,0.0,0.0,0.0,1,2,0
v3,Q36,2,0.0,0.0,0.0,0.0,1,2,0
v3,Q36,3,0.0,0.0,0.0,0.0,1,2,0
v3,Q36,4,0.0,0.0,0.0,0.0,1,2,0
v3,Q36,5,0.0,0.0,0.0,0.0,1,2,0
v3,Q36,6,0.0,0.0,0.0,0.0,1,2,0
v3,Q36,7,0.0,0.0,0.0,0.0,1,2,0
v3,Q36,8,0.0,0.0,0.0,0.0,1,2,0
v3,Q36,9,0.0,0.0,0.0,0.0,1,2,0
v3,Q36,10,0.0,0.0,0.0,0.0,0,2,0
v3,Q36,11,0.0,0.0,0.0,0.0,0,2,0
v3,Q36,12,0.0,0.0,0.0,0.0,1,2,0
v3,Q36,13,0.0,0.0,0.0,0.0,0,2,0
v3,Q36,14,0.0,0.0,0.0,0.0,1,2,0
v3,Q36,15,0.0,0.0,0.0,0.0,1,2,0
v3,Q36,16,0.0,0.0,0.0,0.0,1,2,0
v3,Q36,17,0.0,0.0,0.0,0.0,1,2,0
v3,Q36,18,0.0,0.0,0.0,0.0,0,2,0
v3,Q36,19,0.0,0.0,0.0,0.0,0,2,0
v3,Q36,20,0.0,0.0,0.0,0.0,1,2,0
v3,Q36,21,0.0,0.0,0.0,0.0,0,2,0
v3,Q36,22,0.0,0.0,0.0,0.0,1,2,0
v3,Q36,23,0.0,0.0,0.0,0.0,0,2,0
v3,Q36,24,0.0,0.0,0.0,0.0,1,2,0
v3,Q36,25,0.0,0.0,0.0,0.0,0,2,0
v3,Q37,1,0.0,0.0,0.0,0.0,0,2,0
v3,Q37,2,0.0,0.0,0.0,0.0,0,2,0
v3,Q37,3,0.0,0.0,0.0,0.0,0,2,0
v3,Q37,4,0.0,0.0,0.0,0.0,0,2,0
v3,Q37,5,0.0,0.0,0.0,0.0,0,2,0
v3,Q37,6,0.0,0.0,0.0,0.0,0,2,0
v3,Q37,7,0.0,0.0,0.0,0.0,0,2,0
v3,Q37,8,0.0,0.0,0.0,0.0,0,2,0
v3,Q37,9,0.0,0.0,0.0,0.0,0,2,0
v3,Q37,10,0.0,0.0,0.0,0.0,0,2,0
v3,Q37,11,0.0,0.0,0.0,0.0,0,2,0
v3,Q37,12,0.0,0.0,0.0,0.0,0,2,0
v3,Q37,13,0.0,0.0,0.0,0.0,0,2,0
v3,Q37,14,0.0,0.0,0.0,0.0,0,2,0
v3,Q37,15,0.0,0.0,0.0,0.0,0,2,0
v3,Q37,16,0.0,0.0,0.0,0.0,0,2,0
v3,Q37,17,0.0,0.0,0.0,0.0,0,2,0
v3,Q37,18,0.0,0.0,0.0,0.0,0,2,0
v3,Q37,19,0.0,0.0,0.0,0.0,0,2,0
v3,Q37,20,0.0,0.0,0.0,0.0,0,2,0
v3,Q37,21,0.0,0.0,0.0,0.0,0,2,0
v3,Q37,22,0.0,0.0,0.0,0.0,0,2,0
v3,Q37,23,0.0,0.0,0.0,0.0,0,2,0
v3,Q37,24,0.0,0.0,0.0,0.0,0,2,0
v3,Q37,25,0.0,0.0,0.0,0.0,0,2,0
v3,Q38,1,0.0,0.0,0.0,0.0,0,1,0
v3,Q38,2,0.0,0.0,0.0,0.0,0,1,0
v3,Q38,3,0.0,0.0,0.0,0.0,0,1,0
v3,Q38,4,0.0,0.0,0.0,0.0,0,1,0
v3,Q38,5,0.0,0.0,0.0,0.0,0,1,0
v3,Q38,6,0.0,0.0,0.0,0.0,0,1,0
v3,Q38,7,0.0,0.0,0.0,0.0,0,1,0
v3,Q38,8,0.0,0.0,0.0,0.0,0,1,0
v3,Q38,9,0.0,0.0,0.0,0.0,0,1,0
v3,Q38,10,0.0,0.0,0.0,0.0,0,1,0
v3,Q38,11,0.0,0.0,0.0,0.0,0,1,0
v3,Q38,12,0.0,0.0,0.0,0.0,0,1,0
v3,Q38,13,0.0,0.0,0.0,0.0,0,1,0
v3,Q38,14,0.0,0.0,0.0,0.0,0,1,0
v3,Q38,15,0.0,0.0,0.0,0.0,0,1,0
v3,Q38,16,0.0,0.0,0.0,0.0,0,1,0
v3,Q38,17,0.0,0.0,0.0,0.0,0,1,0
v3,Q38,18,0.0,0.0,0.0,0.0,0,1,0
v3,Q38,19,0.0,0.0,0.0,0.0,0,1,0
v3,Q38,20,0.0,0.0,0.0,0.0,0,1,0
v3,Q38,21,0.0,0.0,0.0,0.0,0,1,0
v3,Q38,22,0.0,0.0,0.0,0.0,0,1,0
v3,Q38,23,0.0,0.0,0.0,0.0,0,1,0
v3,Q38,24,0.0,0.0,0.0,0.0,0,1,0
v3,Q38,25,0.0,0.0,0.0,0.0,0,1,0
v3,Q39,1,0.0,0.0,0.0,0.0,0,1,0
v3,Q39,2,0.0,0.0,0.0,0.0,0,1,0
v3,Q39,3,0.0,0.0,0.0,0.0,0,1,0
v3,Q39,4,0.0,0.0,0.0,0.0,0,1,0
v3,Q39,5,0.0,0.0,0.0,0.0,0,1,0
v3,Q39,6,0.0,0.0,0.0,0.0,0,1,0
v3,Q39,7,0.0,0.0,0.0,0.0,0,1,0
v3,Q39,8,0.0,0.0,0.0,0.0,0,1,0
v3,Q39,9,0.0,0.0,0.0,0.0,0,1,0
v3,Q39,10,0.0,0.0,0.0,0.0,0,1,0
v3,Q39,11,0.0,0.0,0.0,0.0,0,1,0
v3,Q39,12,0.0,0.0,0.0,0.0,0,1,0
v3,Q39,13,0.0,0.0,0.0,0.0,0,1,0
v3,Q39,14,0.0,0.0,0.0,0.0,0,1,0
v3,Q39,15,0.0,0.0,0.0,0.0,0,1,0
v3,Q39,16,0.0,0.0,0.0,0.0,0,1,0
v3,Q39,17,0.0,0.0,0.0,0.0,0,1,0
v3,Q39,18,0.0,0.0,0.0,0.0,0,1,0
v3,Q39,19,0.0,0.0,0.0,0.0,0,1,0
v3,Q39,20,0.0,0.0,0.0,0.0,0,1,0
v3,Q39,21,0.0,0.0,0.0,0.0,0,1,0
v3,Q39,22,0.0,0.0,0.0,0.0,0,1,0
v3,Q39,23,0.0,0.0,0.0,0.0,0,1,0
v3,Q39,24,0.0,0.0,0.0,0.0,0,1,0
v3,Q39,25,0.0,0.0,0.0,0.0,0,1,0
v3,Q4,1,0.0,0.0,0.0,0.0,0,3,0
v3,Q4,2,0.0,0.0,0.0,0.0,0,3,0
v3,Q4,3,0.0,0.0,0.0,0.0,0,3,0
v3,Q4,4,0.0,0.0,0.0,0.0,0,3,0
v3,Q4,5,0.0,0.0,0.0,0.0,0,3,0
v3,Q4,6,0.0,0.0,0.0,0.0,0,3,0
v3,Q4,7,0.0,0.0,0.0,0.0,0,3,0
v3,Q4,8,0.0,0.0,0.0,0.0,0,3,0
v3,Q4,9,0.0,0.0,0.0,0.0,0,3,0
v3,Q4,10,0.0,0.0,0.0,0.0,0,3,0
v3,Q4,11,0.0,0.0,0.0,0.0,0,3,0
v3,Q4,12,0.0,0.0,0.0,0.0,0,3,0
v3,Q4,13,0.0,0.0,0.0,0.0,0,3,0
v3,Q4,14,0.0,0.0,0.0,0.0,0,3,0
v3,Q4,15,0.0,0.0,0.0,0.0,0,3,0
v3,Q4,16,0.0,0.0,0.0,0.0,0,3,0
v3,Q4,17,0.0,0.0,0.0,0.0,0,3,0
v3,Q4,18,0.0,0.0,0.0,0.0,0,3,0
v3,Q4,19,0.0,0.0,0.0,0.0,0,3,0
v3,Q4,20,0.0,0.0,0.0,0.0,0,3,0
v3,Q4,21,0.0,0.0,0.0,0.0,0,3,0
v3,Q4,22,0.0,0.0,0.0,0.0,0,3,0
v3,Q4,23,0.0,0.0,0.0,0.0,0,3,0
v3,Q4,24,0.0,0.0,0.0,0.0,0,3,0
v3,Q4,25,0.0,0.0,0.0,0.0,0,3,0
v3,Q40,1,0.0,0.0,0.0,0.0,0,2,0
v3,Q40,2,0.0,0.0,0.0,0.0,0,2,0
v3,Q40,3,0.0,0.0,0.0,0.0,0,2,0
v3,Q40,4,0.0,0.0,0.0,0.0,0,2,0
v3,Q40,5,0.0,0.0,0.0,0.0,0,2,0
v3,Q40,6,0.0,0.0,0.0,0.0,0,2,0
v3,Q40,7,0.0,0.0,0.0,0.0,0,2,0
v3,Q40,8,0.0,0.0,0.0,0.0,0,2,0
v3,Q40,9,0.0,0.0,0.0,0.0,0,2,0
v3,Q40,10,0.0,0.0,0.0,0.0,0,2,0
v3,Q40,11,0.0,0.0,0.0,0.0,0,2,0
v3,Q40,12,0.0,0.0,0.0,0.0,0,2,0
v3,Q40,13,0.0,0.0,0.0,0.0,1,2,0
v3,Q40,14,0.0,0.0,0.0,0.0,0,2,0
v3,Q40,15,0.0,0.0,0.0,0.0,0,2,0
v3,Q40,16,0.0,0.0,0.0,0.0,0,2,0
v3,Q40,17,0.0,0.0,0.0,0.0,0,2,0
v3,Q40,18,0.0,0.0,0.0,0.0,0,2,0
v3,Q40,19,0.0,0.0,0.0,0.0,0,2,0
v3,Q40,20,0.0,0.0,0.0,0.0,0,2,0
v3,Q40,21,0.0,0.0,0.0,0.0,0,2,0
v3,Q40,22,0.0,0.0,0.0,0.0,0,2,0
v3,Q40,23,0.0,0.0,0.0,0.0,0,2,0
v3,Q40,24,0.0,0.0,0.0,0.0,0,2,0
v3,Q40,25,0.0,0.0,0.0,0.0,0,2,0
v3,Q41,1,0.0,0.0,0.0,0.0,0,1,0
v3,Q41,2,0.0,0.0,0.0,0.0,0,1,0
v3,Q41,3,0.0,0.0,0.0,0.0,0,1,0
v3,Q41,4,0.0,0.0,0.0,0.0,0,1,0
v3,Q41,5,0.0,0.0,0.0,0.0,0,1,0
v3,Q41,6,0.0,0.0,0.0,0.0,0,1,0
v3,Q41,7,0.0,0.0,0.0,0.0,0,1,0
v3,Q41,8,0.0,0.0,0.0,0.0,0,1,0
v3,Q41,9,0.0,0.0,0.0,0.0,0,1,0
v3,Q41,10,0.0,0.0,0.0,0.0,0,1,0
v3,Q41,11,0.0,0.0,0.0,0.0,0,1,0
v3,Q41,12,0.0,0.0,0.0,0.0,0,1,0
v3,Q41,13,0.0,0.0,0.0,0.0,0,1,0
v3,Q41,14,0.0,0.0,0.0,0.0,0,1,0
v3,Q41,15,0.0,0.0,0.0,0.0,0,1,0
v3,Q41,16,0.0,0.0,0.0,0.0,0,1,0
v3,Q41,17,0.0,0.0,0.0,0.0,0,1,0
v3,Q41,18,0.0,0.0,0.0,0.0,0,1,0
v3,Q41,19,0.0,0.0,0.0,0.0,0,1,0
v3,Q41,20,0.0,0.0,0.0,0.0,0,1,0
v3,Q41,21,0.0,0.0,0.0,0.0,0,1,0
v3,Q41,22,0.0,0.0,0.0,0.0,0,1,0
v3,Q41,23,0.0,0.0,0.0,0.0,0,1,0
v3,Q41,24,0.0,0.0,0.0,0.0,0,1,0
v3,Q41,25,0.0,0.0,0.0,0.0,0,1,0
v3,Q42,1,0.0,0.0,0.0,0.0,0,1,0
v3,Q42,2,0.0,0.0,0.0,0.0,0,1,0
v3,Q42,3,0.0,0.0,0.0,0.0,0,1,0
v3,Q42,4,0.0,0.0,0.0,0.0,0,1,0
v3,Q42,5,0.0,0.0,0.0,0.0,0,1,0
v3,Q42,6,0.0,0.0,0.0,0.0,0,1,0
v3,Q42,7,0.0,0.0,0.0,0.0,0,1,0
v3,Q42,8,0.0,0.0,0.0,0.0,0,1,0
v3,Q42,9,0.0,0.0,0.0,0.0,0,1,0
v3,Q42,10,0.0,0.0,0.0,0.0,0,1,0
v3,Q42,11,0.0,0.0,0.0,0.0,0,1,0
v3,Q42,12,0.0,0.0,0.0,0.0,0,1,0
v3,Q42,13,0.0,0.0,0.0,0.0,0,1,0
v3,Q42,14,0.0,0.0,0.0,0.0,0,1,0
v3,Q42,15,0.0,0.0,0.0,0.0,0,1,0
v3,Q42,16,0.0,0.0,0.0,0.0,0,1,0
v3,Q42,17,0.0,0.0,0.0,0.0,0,1,0
v3,Q42,18,0.0,0.0,0.0,0.0,0,1,0
v3,Q42,19,0.0,0.0,0.0,0.0,0,1,0
v3,Q42,20,0.0,0.0,0.0,0.0,0,1,0
v3,Q42,21,0.0,0.0,0.0,0.0,0,1,0
v3,Q42,22,0.0,0.0,0.0,0.0,0,1,0
v3,Q42,23,0.0,0.0,0.0,0.0,0,1,0
v3,Q42,24,0.0,0.0,0.0,0.0,0,1,0
v3,Q42,25,0.0,0.0,0.0,0.0,0,1,0
v3,Q43,1,0.0,0.0,0.0,0.0,0,1,0
v3,Q43,2,0.0,0.0,0.0,0.0,0,1,0
v3,Q43,3,0.0,0.0,0.0,0.0,0,1,0
v3,Q43,4,0.0,0.0,0.0,0.0,0,1,0
v3,Q43,5,0.0,0.0,0.0,0.0,0,1,0
v3,Q43,6,0.0,0.0,0.0,0.0,0,1,0
v3,Q43,7,0.0,0.0,0.0,0.0,0,1,0
v3,Q43,8,0.0,0.0,0.0,0.0,0,1,0
v3,Q43,9,0.0,0.0,0.0,0.0,0,1,0
v3,Q43,10,0.0,0.0,0.0,0.0,0,1,0
v3,Q43,11,0.0,0.0,0.0,0.0,0,1,0
v3,Q43,12,0.0,0.0,0.0,0.0,0,1,0
v3,Q43,13,0.0,0.0,0.0,0.0,0,1,0
v3,Q43,14,0.0,0.0,0.0,0.0,0,1,0
v3,Q43,15,0.0,0.0,0.0,0.0,0,1,0
v3,Q43,16,0.0,0.0,0.0,0.0,0,1,0
v3,Q43,17,0.0,0.0,0.0,0.0,0,1,0
v3,Q43,18,0.0,0.0,0.0,0.0,0,1,0
v3,Q43,19,0.0,0.0,0.0,0.0,0,1,0
v3,Q43,20,0.0,0.0,0.0,0.0,0,1,0
v3,Q43,21,0.0,0.0,0.0,0.0,0,1,0
v3,Q43,22,0.0,0.0,0.0,0.0,0,1,0
v3,Q43,23,0.0,0.0,0.0,0.0,0,1,0
v3,Q43,24,0.0,0.0,0.0,0.0,0,1,0
v3,Q43,25,0.0,0.0,0.0,0.0,0,1,0
v3,Q44,1,0.0,0.0,0.0,0.0,1,1,0
v3,Q44,2,0.0,0.0,0.0,0.0,1,1,0
v3,Q44,3,0.0,0.0,0.0,0.0,1,1,0
v3,Q44,4,0.0,0.0,0.0,0.0,1,1,0
v3,Q44,5,0.0,0.0,0.0,0.0,0,1,0
v3,Q44,6,0.0,0.0,0.0,0.0,1,1,0
v3,Q44,7,0.0,0.0,0.0,0.0,1,1,0
v3,Q44,8,0.0,0.0,0.0,0.0,1,1,0
v3,Q44,9,0.0,0.0,0.0,0.0,0,1,0
v3,Q44,10,0.0,0.0,0.0,0.0,1,1,0
v3,Q44,11,0.0,0.0,0.0,0.0,0,1,0
v3,Q44,12,0.0,0.0,0.0,0.0,1,1,0
v3,Q44,13,0.0,0.0,0.0,0.0,1,1,0
v3,Q44,14,0.0,0.0,0.0,0.0,0,1,0
v3,Q44,15,0.0,0.0,0.0,0.0,1,1,0
v3,Q44,16,0.0,0.0,0.0,0.0,1,1,0
v3,Q44,17,0.0,0.0,0.0,0.0,1,1,0
v3,Q44,18,0.0,0.0,0.0,0.0,1,1,0
v3,Q44,19,0.0,0.0,0.0,0.0,0,1,0
v3,Q44,20,0.0,0.0,0.0,0.0,1,1,0
v3,Q44,21,0.0,0.0,0.0,0.0,0,1,0
v3,Q44,22,0.0,0.0,0.0,0.0,1,1,0
v3,Q44,23,0.0,0.0,0.0,0.0,1,1,0
v3,Q44,24,0.0,0.0,0.0,0.0,1,1,0
v3,Q44,25,0.0,0.0,0.0,0.0,1,1,0
v3,Q45,1,0.0,0.0,0.0,0.0,0,2,0
v3,Q45,2,0.0,0.0,0.0,0.0,0,2,0
v3,Q45,3,0.0,0.0,0.0,0.0,0,2,0
v3,Q45,4,0.0,0.0,0.0,0.0,0,2,0
v3,Q45,5,0.0,0.0,0.0,0.0,0,2,0
v3,Q45,6,0.0,0.0,0.0,0.0,0,2,0
v3,Q45,7,0.0,0.0,0.0,0.0,0,2,0
v3,Q45,8,0.0,0.0,0.0,0.0,0,2,0
v3,Q45,9,0.0,0.0,0.0,0.0,0,2,0
v3,Q45,10,0.0,0.0,0.0,0.0,0,2,0
v3,Q45,11,0.0,0.0,0.0,0.0,0,2,0
v3,Q45,12,0.0,0.0,0.0,0.0,0,2,0
v3,Q45,13,0.0,0.0,0.0,0.0,0,2,0
v3,Q45,14,0.0,0.0,0.0,0.0,0,2,0
v3,Q45,15,0.0,0.0,0.0,0.0,0,2,0
v3,Q45,16,0.0,0.0,0.0,0.0,0,2,0
v3,Q45,17,0.0,0.0,0.0,0.0,0,2,0
v3,Q45,18,0.0,0.0,0.0,0.0,0,2,0
v3,Q45,19,0.0,0.0,0.0,0.0,0,2,0
v3,Q45,20,0.0,0.0,0.0,0.0,0,2,0
v3,Q45,21,0.0,0.0,0.0,0.0,0,2,0
v3,Q45,22,0.0,0.0,0.0,0.0,0,2,0
v3,Q45,23,0.0,0.0,0.0,0.0,0,2,0
v3,Q45,24,0.0,0.0,0.0,0.0,0,2,0
v3,Q45,25,0.0,0.0,0.0,0.0,0,2,0
v3,Q46,1,0.0,0.0,0.0,0.0,0,1,0
v3,Q46,2,0.0,0.0,0.0,0.0,0,1,0
v3,Q46,3,0.0,0.0,0.0,0.0,0,1,0
v3,Q46,4,0.0,0.0,0.0,0.0,0,1,0
v3,Q46,5,0.0,0.0,0.0,0.0,0,1,0
v3,Q46,6,0.0,0.0,0.0,0.0,0,1,0
v3,Q46,7,0.0,0.0,0.0,0.0,0,1,0
v3,Q46,8,0.0,0.0,0.0,0.0,0,1,0
v3,Q46,9,0.0,0.0,0.0,0.0,0,1,0
v3,Q46,10,0.0,0.0,0.0,0.0,0,1,0
v3,Q46,11,0.0,0.0,0.0,0.0,0,1,0
v3,Q46,12,0.0,0.0,0.0,0.0,0,1,0
v3,Q46,13,0.0,0.0,0.0,0.0,0,1,0
v3,Q46,14,0.0,0.0,0.0,0.0,0,1,0
v3,Q46,15,0.0,0.0,0.0,0.0,1,1,0
v3,Q46,16,0.0,0.0,0.0,0.0,0,1,0
v3,Q46,17,0.0,0.0,0.0,0.0,0,1,0
v3,Q46,18,0.0,0.0,0.0,0.0,0,1,0
v3,Q46,19,0.0,0.0,0.0,0.0,0,1,0
v3,Q46,20,0.0,0.0,0.0,0.0,0,1,0
v3,Q46,21,0.0,0.0,0.0,0.0,0,1,0
v3,Q46,22,0.0,0.0,0.0,0.0,0,1,0
v3,Q46,23,0.0,0.0,0.0,0.0,0,1,0
v3,Q46,24,0.0,0.0,0.0,0.0,0,1,0
v3,Q46,25,0.0,0.0,0.0,0.0,0,1,0
v3,Q47,1,0.0,0.0,0.0,0.0,0,1,0
v3,Q47,2,0.0,0.0,0.0,0.0,0,1,0
v3,Q47,3,0.0,0.0,0.0,0.0,0,1,0
v3,Q47,4,0.0,0.0,0.0,0.0,0,1,0
v3,Q47,5,0.0,0.0,0.0,0.0,0,1,0
v3,Q47,6,0.0,0.0,0.0,0.0,0,1,0
v3,Q47,7,0.0,0.0,0.0,0.0,0,1,0
v3,Q47,8,0.0,0.0,0.0,0.0,0,1,0
v3,Q47,9,0.0,0.0,0.0,0.0,0,1,0
v3,Q47,10,0.0,0.0,0.0,0.0,0,1,0
v3,Q47,11,0.0,0.0,0.0,0.0,0,1,0
v3,Q47,12,0.0,0.0,0.0,0.0,0,1,0
v3,Q47,13,0.0,0.0,0.0,0.0,0,1,0
v3,Q47,14,0.0,0.0,0.0,0.0,0,1,0
v3,Q47,15,0.0,0.0,0.0,0.0,0,1,0
v3,Q47,16,0.0,0.0,0.0,0.0,0,1,0
v3,Q47,17,0.0,0.0,0.0,0.0,0,1,0
v3,Q47,18,0.0,0.0,0.0,0.0,0,1,0
v3,Q47,19,0.0,0.0,0.0,0.0,0,1,0
v3,Q47,20,0.0,0.0,0.0,0.0,0,1,0
v3,Q47,21,0.0,0.0,0.0,0.0,0,1,0
v3,Q47,22,0.0,0.0,0.0,0.0,0,1,0
v3,Q47,23,0.0,0.0,0.0,0.0,0,1,0
v3,Q47,24,0.0,0.0,0.0,0.0,0,1,0
v3,Q47,25,0.0,0.0,0.0,0.0,0,1,0
v3,Q48,1,0.0,0.0,0.0,0.0,0,2,0
v3,Q48,2,0.0,0.0,0.0,0.0,0,2,0
v3,Q48,3,0.0,0.0,0.0,0.0,0,2,0
v3,Q48,4,0.0,0.0,0.0,0.0,0,2,0
v3,Q48,5,0.0,0.0,0.0,0.0,0,2,0
v3,Q48,6,0.0,0.0,0.0,0.0,0,2,0
v3,Q48,7,0.0,0.0,0.0,0.0,0,2,0
v3,Q48,8,0.0,0.0,0.0,0.0,0,2,0
v3,Q48,9,0.0,0.0,0.0,0.0,0,2,0
v3,Q48,10,0.0,0.0,0.0,0.0,0,2,0
v3,Q48,11,0.0,0.0,0.0,0.0,0,2,0
v3,Q48,12,0.0,0.0,0.0,0.0,0,2,0
v3,Q48,13,0.0,0.0,0.0,0.0,0,2,0
v3,Q48,14,0.0,0.0,0.0,0.0,0,2,0
v3,Q48,15,0.0,0.0,0.0,0.0,1,2,0
v3,Q48,16,0.0,0.0,0.0,0.0,0,2,0
v3,Q48,17,0.0,0.0,0.0,0.0,0,2,0
v3,Q48,18,0.0,0.0,0.0,0.0,0,2,0
v3,Q48,19,0.0,0.0,0.0,0.0,0,2,0
v3,Q48,20,0.0,0.0,0.0,0.0,1,2,0
v3,Q48,21,0.0,0.0,0.0,0.0,0,2,0
v3,Q48,22,0.0,0.0,0.0,0.0,0,2,0
v3,Q48,23,0.0,0.0,0.0,0.0,0,2,0
v3,Q48,24,0.0,0.0,0.0,0.0,0,2,0
v3,Q48,25,0.0,0.0,0.0,0.0,0,2,0
v3,Q49,1,0.0,0.0,0.0,0.0,0,7,0
v3,Q49,2,0.0,0.0,0.0,0.0,0,7,0
v3,Q49,3,0.0,0.0,0.0,0.0,0,7,0
v3,Q49,4,0.0,0.0,0.0,0.0,0,7,0
v3,Q49,5,0.0,0.0,0.0,0.0,0,7,0
v3,Q49,6,0.0,0.0,0.0,0.0,0,7,0
v3,Q49,7,0.0,0.0,0.0,0.0,0,7,0
v3,Q49,8,0.0,0.0,0.0,0.0,0,7,0
v3,Q49,9,0.0,0.0,0.0,0.0,0,7,0
v3,Q49,10,0.0,0.0,0.0,0.0,0,7,0
v3,Q49,11,0.0,0.0,0.0,0.0,0,7,0
v3,Q49,12,0.0,0.0,0.0,0.0,0,7,0
v3,Q49,13,0.0,0.0,0.0,0.0,0,7,0
v3,Q49,14,0.0,0.0,0.0,0.0,0,7,0
v3,Q49,15,0.0,0.0,0.0,0.0,0,7,0
v3,Q49,16,0.0,0.0,0.0,0.0,0,7,0
v3,Q49,17,0.0,0.0,0.0,0.0,0,7,0
v3,Q49,18,0.0,0.0,0.0,0.0,0,7,0
v3,Q49,19,0.0,0.0,0.0,0.0,0,7,0
v3,Q49,20,0.0,0.0,0.0,0.0,0,7,0
v3,Q49,21,0.0,0.0,0.0,0.0,0,7,0
v3,Q49,22,0.0,0.0,0.0,0.0,0,7,0
v3,Q49,23,0.0,0.0,0.0,0.0,0,7,0
v3,Q49,24,0.0,0.0,0.0,0.0,0,7,0
v3,Q49,25,0.0,0.0,0.0,0.0,0,7,0
v3,Q5,1,0.0,0.0,0.0,0.0,0,7,0
v3,Q5,2,0.0,0.0,0.0,0.0,0,7,0
v3,Q5,3,0.0,0.0,0.0,0.0,0,7,0
v3,Q5,4,0.0,0.0,0.0,0.0,0,7,0
v3,Q5,5,0.0,0.0,0.0,0.0,0,7,0
v3,Q5,6,0.0,0.0,0.0,0.0,0,7,0
v3,Q5,7,0.0,0.0,0.0,0.0,0,7,0
v3,Q5,8,0.0,0.0,0.0,0.0,0,7,0
v3,Q5,9,0.0,0.0,0.0,0.0,0,7,0
v3,Q5,10,0.0,0.0,0.0,0.0,0,7,0
v3,Q5,11,0.0,0.0,0.0,0.0,0,7,0
v3,Q5,12,0.0,0.0,0.0,0.0,0,7,0
v3,Q5,13,0.0,0.0,0.0,0.0,0,7,0
v3,Q5,14,0.0,0.0,0.0,0.0,0,7,0
v3,Q5,15,0.0,0.0,0.0,0.0,0,7,0
v3,Q5,16,0.0,0.0,0.0,0.0,0,7,0
v3,Q5,17,0.0,0.0,0.0,0.0,0,7,0
v3,Q5,18,0.0,0.0,0.0,0.0,0,7,0
v3,Q5,19,0.0,0.0,0.0,0.0,0,7,0
v3,Q5,20,0.0,0.0,0.0,0.0,0,7,0
v3,Q5,21,0.0,0.0,0.0,0.0,0,7,0
v3,Q5,22,0.0,0.0,0.0,0.0,0,7,0
v3,Q5,23,0.0,0.0,0.0,0.0,0,7,0
v3,Q5,24,0.0,0.0,0.0,0.0,0,7,0
v3,Q5,25,0.0,0.0,0.0,0.0,0,7,0
v3,Q50,1,0.0,0.0,0.0,0.0,1,1,0
v3,Q50,2,0.0,0.0,0.0,0.0,1,1,0
v3,Q50,3,0.0,0.0,0.0,0.0,1,1,0
v3,Q50,4,0.0,0.0,0.0,0.0,1,1,0
v3,Q50,5,0.0,0.0,0.0,0.0,1,1,0
v3,Q50,6,0.0,0.0,0.0,0.0,1,1,0
v3,Q50,7,0.0,0.0,0.0,0.0,1,1,0
v3,Q50,8,0.0,0.0,0.0,0.0,1,1,0
v3,Q50,9,0.0,0.0,0.0,0.0,1,1,0
v3,Q50,10,0.0,0.0,0.0,0.0,1,1,0
v3,Q50,11,0.0,0.0,0.0,0.0,1,1,0
v3,Q50,12,0.0,0.0,0.0,0.0,1,1,0
v3,Q50,13,0.0,0.0,0.0,0.0,1,1,0
v3,Q50,14,0.0,0.0,0.0,0.0,1,1,0
v3,Q50,15,0.0,0.0,0.0,0.0,1,1,0
v3,Q50,16,0.0,0.0,0.0,0.0,1,1,0
v3,Q50,17,0.0,0.0,0.0,0.0,1,1,0
v3,Q50,18,0.0,0.0,0.0,0.0,1,1,0
v3,Q50,19,0.0,0.0,0.0,0.0,1,1,0
v3,Q50,20,0.0,0.0,0.0,0.0,1,1,0
v3,Q50,21,0.0,0.0,0.0,0.0,1,1,0
v3,Q50,22,0.0,0.0,0.0,0.0,1,1,0
v3,Q50,23,0.0,0.0,0.0,0.0,1,1,0
v3,Q50,24,0.0,0.0,0.0,0.0,1,1,0
v3,Q50,25,0.0,0.0,0.0,0.0,1,1,0
v3,Q51,1,0.0,0.0,0.0,0.0,0,1,0
v3,Q51,2,0.0,0.0,0.0,0.0,0,1,0
v3,Q51,3,0.0,0.0,0.0,0.0,0,1,0
v3,Q51,4,0.0,0.0,0.0,0.0,0,1,0
v3,Q51,5,0.0,0.0,0.0,0.0,0,1,0
v3,Q51,6,0.0,0.0,0.0,0.0,0,1,0
v3,Q51,7,0.0,0.0,0.0,0.0,0,1,0
v3,Q51,8,0.0,0.0,0.0,0.0,0,1,0
v3,Q51,9,0.0,0.0,0.0,0.0,0,1,0
v3,Q51,10,0.0,0.0,0.0,0.0,0,1,0
v3,Q51,11,0.0,0.0,0.0,0.0,0,1,0
v3,Q51,12,0.0,0.0,0.0,0.0,0,1,0
v3,Q51,13,0.0,0.0,0.0,0.0,0,1,0
v3,Q51,14,0.0,0.0,0.0,0.0,0,1,0
v3,Q51,15,0.0,0.0,0.0,0.0,0,1,0
v3,Q51,16,0.0,0.0,0.0,0.0,0,1,0
v3,Q51,17,0.0,0.0,0.0,0.0,0,1,0
v3,Q51,18,0.0,0.0,0.0,0.0,0,1,0
v3,Q51,19,0.0,0.0,0.0,0.0,0,1,0
v3,Q51,20,0.0,0.0,0.0,0.0,0,1,0
v3,Q51,21,0.0,0.0,0.0,0.0,0,1,0
v3,Q51,22,0.0,0.0,0.0,0.0,0,1,0
v3,Q51,23,0.0,0.0,0.0,0.0,0,1,0
v3,Q51,24,0.0,0.0,0.0,0.0,0,1,0
v3,Q51,25,0.0,0.0,0.0,0.0,0,1,0
v3,Q52,1,0.0,0.0,0.0,0.0,1,2,0
v3,Q52,2,0.0,0.0,0.0,0.0,0,2,0
v3,Q52,3,0.0,0.0,0.0,0.0,0,2,0
v3,Q52,4,0.0,0.0,0.0,0.0,0,2,0
v3,Q52,5,0.0,0.0,0.0,0.0,0,2,0
v3,Q52,6,0.0,0.0,0.0,0.0,0,2,0
v3,Q52,7,0.0,0.0,0.0,0.0,0,2,0
v3,Q52,8,0.0,0.0,0.0,0.0,0,2,0
v3,Q52,9,0.0,0.0,0.0,0.0,0,2,0
v3,Q52,10,0.0,0.0,0.0,0.0,0,2,0
v3,Q52,11,0.0,0.0,0.0,0.0,0,2,0
v3,Q52,12,0.0,0.0,0.0,0.0,0,2,0
v3,Q52,13,0.0,0.0,0.0,0.0,0,2,0
v3,Q52,14,0.0,0.0,0.0,0.0,0,2,0
v3,Q52,15,0.0,0.0,0.0,0.0,1,2,0
v3,Q52,16,0.0,0.0,0.0,0.0,0,2,0
v3,Q52,17,0.0,0.0,0.0,0.0,0,2,0
v3,Q52,18,0.0,0.0,0.0,0.0,0,2,0
v3,Q52,19,0.0,0.0,0.0,0.0,0,2,0
v3,Q52,20,0.0,0.0,0.0,0.0,0,2,0
v3,Q52,21,0.0,0.0,0.0,0.0,0,2,0
v3,Q52,22,0.0,0.0,0.0,0.0,0,2,0
v3,Q52,23,0.0,0.0,0.0,0.0,0,2,0
v3,Q52,24,0.0,0.0,0.0,0.0,0,2,0
v3,Q52,25,0.0,0.0,0.0,0.0,0,2,0
v3,Q53,1,0.0,0.0,0.0,0.0,0,2,0
v3,Q53,2,0.0,0.0,0.0,0.0,0,2,0
v3,Q53,3,0.0,0.0,0.0,0.0,0,2,0
v3,Q53,4,0.0,0.0,0.0,0.0,0,2,0
v3,Q53,5,0.0,0.0,0.0,0.0,0,2,0
v3,Q53,6,0.0,0.0,0.0,0.0,0,2,0
v3,Q53,7,0.0,0.0,0.0,0.0,0,2,0
v3,Q53,8,0.0,0.0,0.0,0.0,0,2,0
v3,Q53,9,0.0,0.0,0.0,0.0,0,2,0
v3,Q53,10,0.0,0.0,0.0,0.0,0,2,0
v3,Q53,11,0.0,0.0,0.0,0.0,0,2,0
v3,Q53,12,0.0,0.0,0.0,0.0,0,2,0
v3,Q53,13,0.0,0.0,0.0,0.0,0,2,0
v3,Q53,14,0.0,0.0,0.0,0.0,0,2,0
v3,Q53,15,0.0,0.0,0.0,0.0,0,2,0
v3,Q53,16,0.0,0.0,0.0,0.0,0,2,0
v3,Q53,17,0.0,0.0,0.0,0.0,0,2,0
v3,Q53,18,0.0,0.0,0.0,0.0,0,2,0
v3,Q53,19,0.0,0.0,0.0,0.0,0,2,0
v3,Q53,20,0.0,0.0,0.0,0.0,0,2,0
v3,Q53,21,0.0,0.0,0.0,0.0,0,2,0
v3,Q53,22,0.0,0.0,0.0,0.0,0,2,0
v3,Q53,23,0.0,0.0,0.0,0.0,0,2,0
v3,Q53,24,0.0,0.0,0.0,0.0,0,2,0
v3,Q53,25,0.0,0.0,0.0,0.0,0,2,0
v3,Q54,1,0.0,0.0,0.0,0.0,0,1,0
v3,Q54,2,0.0,0.0,0.0,0.0,0,1,0
v3,Q54,3,0.0,0.0,0.0,0.0,0,1,0
v3,Q54,4,0.0,0.0,0.0,0.0,0,1,0
v3,Q54,5,0.0,0.0,0.0,0.0,0,1,0
v3,Q54,6,0.0,0.0,0.0,0.0,0,1,0
v3,Q54,7,0.0,0.0,0.0,0.0,0,1,0
v3,Q54,8,0.0,0.0,0.0,0.0,0,1,0
v3,Q54,9,0.0,0.0,0.0,0.0,0,1,0
v3,Q54,10,0.0,0.0,0.0,0.0,0,1,0
v3,Q54,11,0.0,0.0,0.0,0.0,0,1,0
v3,Q54,12,0.0,0.0,0.0,0.0,0,1,0
v3,Q54,13,0.0,0.0,0.0,0.0,0,1,0
v3,Q54,14,0.0,0.0,0.0,0.0,0,1,0
v3,Q54,15,0.0,0.0,0.0,0.0,0,1,0
v3,Q54,16,0.0,0.0,0.0,0.0,0,1,0
v3,Q54,17,0.0,0.0,0.0,0.0,0,1,0
v3,Q54,18,0.0,0.0,0.0,0.0,0,1,0
v3,Q54,19,0.0,0.0,0.0,0.0,0,1,0
v3,Q54,20,0.0,0.0,0.0,0.0,0,1,0
v3,Q54,21,0.0,0.0,0.0,0.0,0,1,0
v3,Q54,22,0.0,0.0,0.0,0.0,0,1,0
v3,Q54,23,0.0,0.0,0.0,0.0,0,1,0
v3,Q54,24,0.0,0.0,0.0,0.0,0,1,0
v3,Q54,25,0.0,0.0,0.0,0.0,0,1,0
v3,Q55,1,0.0,0.0,0.0,0.0,1,5,0
v3,Q55,2,0.0,0.0,0.0,0.0,0,5,0
v3,Q55,3,0.0,0.0,0.0,0.0,1,5,0
v3,Q55,4,0.0,0.0,0.0,0.0,1,5,0
v3,Q55,5,0.0,0.0,0.0,0.0,1,5,0
v3,Q55,6,0.0,0.0,0.0,0.0,1,5,0
v3,Q55,7,0.0,0.0,0.0,0.0,1,5,0
v3,Q55,8,0.0,0.0,0.0,0.0,0,5,0
v3,Q55,9,0.0,0.0,0.0,0.0,1,5,0
v3,Q55,10,0.0,0.0,0.0,0.0,0,5,0
v3,Q55,11,0.0,0.0,0.0,0.0,0,5,0
v3,Q55,12,0.0,0.0,0.0,0.0,0,5,0
v3,Q55,13,0.0,0.0,0.0,0.0,1,5,0
v3,Q55,14,0.0,0.0,0.0,0.0,1,5,0
v3,Q55,15,0.0,0.0,0.0,0.0,0,5,0
v3,Q55,16,0.0,0.0,0.0,0.0,1,5,0
v3,Q55,17,0.0,0.0,0.0,0.0,1,5,0
v3,Q55,18,0.0,0.0,0.0,0.0,1,5,0
v3,Q55,19,0.0,0.0,0.0,0.0,1,5,0
v3,Q55,20,0.0,0.0,0.0,0.0,0,5,0
v3,Q55,21,0.0,0.0,0.0,0.0,1,5,0
v3,Q55,22,0.0,0.0,0.0,0.0,1,5,0
v3,Q55,23,0.0,0.0,0.0,0.0,1,5,0
v3,Q55,24,0.0,0.0,0.0,0.0,1,5,0
v3,Q55,25,0.0,0.0,0.0,0.0,0,5,0
v3,Q56,1,0.0,0.0,0.0,0.0,0,9,0
v3,Q56,2,0.0,0.0,0.0,0.0,0,9,0
v3,Q56,3,0.0,0.0,0.0,0.0,0,9,0
v3,Q56,4,0.0,0.0,0.0,0.0,0,9,0
v3,Q56,5,0.0,0.0,0.0,0.0,0,9,0
v3,Q56,6,0.0,0.0,0.0,0.0,0,9,0
v3,Q56,7,0.0,0.0,0.0,0.0,0,9,0
v3,Q56,8,0.0,0.0,0.0,0.0,0,9,0
v3,Q56,9,0.0,0.0,0.0,0.0,0,9,0
v3,Q56,10,0.0,0.0,0.0,0.0,0,9,0
v3,Q56,11,0.0,0.0,0.0,0.0,0,9,0
v3,Q56,12,0.0,0.0,0.0,0.0,0,9,0
v3,Q56,13,0.0,0.0,0.0,0.0,0,9,0
v3,Q56,14,0.0,0.0,0.0,0.0,0,9,0
v3,Q56,15,0.0,0.0,0.0,0.0,0,9,0
v3,Q56,16,0.0,0.0,0.0,0.0,0,9,0
v3,Q56,17,0.0,0.0,0.0,0.0,0,9,0
v3,Q56,18,0.0,0.0,0.0,0.0,0,9,0
v3,Q56,19,0.0,0.0,0.0,0.0,0,9,0
v3,Q56,20,0.0,0.0,0.0,0.0,0,9,0
v3,Q56,21,0.0,0.0,0.0,0.0,0,9,0
v3,Q56,22,0.0,0.0,0.0,0.0,0,9,0
v3,Q56,23,0.0,0.0,0.0,0.0,0,9,0
v3,Q56,24,0.0,0.0,0.0,0.0,0,9,0
v3,Q56,25,0.0,0.0,0.0,0.0,0,9,0
v3,Q57,1,0.0,0.0,0.0,0.0,0,2,0
v3,Q57,2,0.0,0.0,0.0,0.0,0,2,0
v3,Q57,3,0.0,0.0,0.0,0.0,1,2,0
v3,Q57,4,0.0,0.0,0.0,0.0,0,2,0
v3,Q57,5,0.0,0.0,0.0,0.0,1,2,0
v3,Q57,6,0.0,0.0,0.0,0.0,0,2,0
v3,Q57,7,0.0,0.0,0.0,0.0,1,2,0
v3,Q57,8,0.0,0.0,0.0,0.0,0,2,0
v3,Q57,9,0.0,0.0,0.0,0.0,1,2,0
v3,Q57,10,0.0,0.0,0.0,0.0,1,2,0
v3,Q57,11,0.0,0.0,0.0,0.0,1,2,0
v3,Q57,12,0.0,0.0,0.0,0.0,0,2,0
v3,Q57,13,0.0,0.0,0.0,0.0,0,2,0
v3,Q57,14,0.0,0.0,0.0,0.0,0,2,0
v3,Q57,15,0.0,0.0,0.0,0.0,0,2,0
v3,Q57,16,0.0,0.0,0.0,0.0,1,2,0
v3,Q57,17,0.0,0.0,0.0,0.0,1,2,0
v3,Q57,18,0.0,0.0,0.0,0.0,1,2,0
v3,Q57,19,0.0,0.0,0.0,0.0,1,2,0
v3,Q57,20,0.0,0.0,0.0,0.0,0,2,0
v3,Q57,21,0.0,0.0,0.0,0.0,0,2,0
v3,Q57,22,0.0,0.0,0.0,0.0,0,2,0
v3,Q57,23,0.0,0.0,0.0,0.0,1,2,0
v3,Q57,24,0.0,0.0,0.0,0.0,1,2,0
v3,Q57,25,0.0,0.0,0.0,0.0,0,2,0
v3,Q58,1,0.0,0.0,0.0,0.0,0,2,0
v3,Q58,2,0.0,0.0,0.0,0.0,0,2,0
v3,Q58,3,0.0,0.0,0.0,0.0,0,2,0
v3,Q58,4,0.0,0.0,0.0,0.0,0,2,0
v3,Q58,5,0.0,0.0,0.0,0.0,0,2,0
v3,Q58,6,0.0,0.0,0.0,0.0,0,2,0
v3,Q58,7,0.0,0.0,0.0,0.0,0,2,0
v3,Q58,8,0.0,0.0,0.0,0.0,0,2,0
v3,Q58,9,0.0,0.0,0.0,0.0,0,2,0
v3,Q58,10,0.0,0.0,0.0,0.0,0,2,0
v3,Q58,11,0.0,0.0,0.0,0.0,0,2,0
v3,Q58,12,0.0,0.0,0.0,0.0,0,2,0
v3,Q58,13,0.0,0.0,0.0,0.0,0,2,0
v3,Q58,14,0.0,0.0,0.0,0.0,0,2,0
v3,Q58,15,0.0,0.0,0.0,0.0,0,2,0
v3,Q58,16,0.0,0.0,0.0,0.0,0,2,0
v3,Q58,17,0.0,0.0,0.0,0.0,0,2,0
v3,Q58,18,0.0,0.0,0.0,0.0,0,2,0
v3,Q58,19,0.0,0.0,0.0,0.0,0,2,0
v3,Q58,20,0.0,0.0,0.0,0.0,0,2,0
v3,Q58,21,0.0,0.0,0.0,0.0,0,2,0
v3,Q58,22,0.0,0.0,0.0,0.0,0,2,0
v3,Q58,23,0.0,0.0,0.0,0.0,0,2,0
v3,Q58,24,0.0,0.0,0.0,0.0,0,2,0
v3,Q58,25,0.0,0.0,0.0,0.0,0,2,0
v3,Q59,1,0.0,0.0,0.0,0.0,0,1,0
v3,Q59,2,0.0,0.0,0.0,0.0,0,1,0
v3,Q59,3,0.0,0.0,0.0,0.0,0,1,0
v3,Q59,4,0.0,0.0,0.0,0.0,0,1,0
v3,Q59,5,0.0,0.0,0.0,0.0,0,1,0
v3,Q59,6,0.0,0.0,0.0,0.0,0,1,0
v3,Q59,7,0.0,0.0,0.0,0.0,0,1,0
v3,Q59,8,0.0,0.0,0.0,0.0,0,1,0
v3,Q59,9,0.0,0.0,0.0,0.0,0,1,0
v3,Q59,10,0.0,0.0,0.0,0.0,0,1,0
v3,Q59,11,0.0,0.0,0.0,0.0,0,1,0
v3,Q59,12,0.0,0.0,0.0,0.0,0,1,0
v3,Q59,13,0.0,0.0,0.0,0.0,0,1,0
v3,Q59,14,0.0,0.0,0.0,0.0,0,1,0
v3,Q59,15,0.0,0.0,0.0,0.0,0,1,0
v3,Q59,16,0.0,0.0,0.0,0.0,0,1,0
v3,Q59,17,0.0,0.0,0.0,0.0,0,1,0
v3,Q59,18,0.0,0.0,0.0,0.0,0,1,0
v3,Q59,19,0.0,0.0,0.0,0.0,0,1,0
v3,Q59,20,0.0,0.0,0.0,0.0,0,1,0
v3,Q59,21,0.0,0.0,0.0,0.0,0,1,0
v3,Q59,22,0.0,0.0,0.0,0.0,0,1,0
v3,Q59,23,0.0,0.0,0.0,0.0,0,1,0
v3,Q59,24,0.0,0.0,0.0,0.0,0,1,0
v3,Q59,25,0.0,0.0,0.0,0.0,0,1,0
v3,Q6,1,0.0,0.0,0.0,0.0,0,1,0
v3,Q6,2,0.0,0.0,0.0,0.0,0,1,0
v3,Q6,3,0.0,0.0,0.0,0.0,0,1,0
v3,Q6,4,0.0,0.0,0.0,0.0,0,1,0
v3,Q6,5,0.0,0.0,0.0,0.0,0,1,0
v3,Q6,6,0.0,0.0,0.0,0.0,0,1,0
v3,Q6,7,0.0,0.0,0.0,0.0,0,1,0
v3,Q6,8,0.0,0.0,0.0,0.0,0,1,0
v3,Q6,9,0.0,0.0,0.0,0.0,0,1,0
v3,Q6,10,0.0,0.0,0.0,0.0,0,1,0
v3,Q6,11,0.0,0.0,0.0,0.0,0,1,0
v3,Q6,12,0.0,0.0,0.0,0.0,0,1,0
v3,Q6,13,0.0,0.0,0.0,0.0,0,1,0
v3,Q6,14,0.0,0.0,0.0,0.0,0,1,0
v3,Q6,15,0.0,0.0,0.0,0.0,0,1,0
v3,Q6,16,0.0,0.0,0.0,0.0,0,1,0
v3,Q6,17,0.0,0.0,0.0,0.0,0,1,0
v3,Q6,18,0.0,0.0,0.0,0.0,0,1,0
v3,Q6,19,0.0,0.0,0.0,0.0,0,1,0
v3,Q6,20,0.0,0.0,0.0,0.0,0,1,0
v3,Q6,21,0.0,0.0,0.0,0.0,0,1,0
v3,Q6,22,0.0,0.0,0.0,0.0,0,1,0
v3,Q6,23,0.0,0.0,0.0,0.0,0,1,0
v3,Q6,24,0.0,0.0,0.0,0.0,0,1,0
v3,Q6,25,0.0,0.0,0.0,0.0,0,1,0
v3,Q60,1,0.0,0.0,0.0,0.0,0,8,0
v3,Q60,2,0.0,0.0,0.0,0.0,0,8,0
v3,Q60,3,0.0,0.0,0.0,0.0,0,8,0
v3,Q60,4,0.0,0.0,0.0,0.0,0,8,0
v3,Q60,5,0.0,0.0,0.0,0.0,0,8,0
v3,Q60,6,0.0,0.0,0.0,0.0,0,8,0
v3,Q60,7,0.0,0.0,0.0,0.0,0,8,0
v3,Q60,8,0.0,0.0,0.0,0.0,0,8,0
v3,Q60,9,0.0,0.0,0.0,0.0,0,8,0
v3,Q60,10,0.0,0.0,0.0,0.0,0,8,0
v3,Q60,11,0.0,0.0,0.0,0.0,0,8,0
v3,Q60,12,0.0,0.0,0.0,0.0,0,8,0
v3,Q60,13,0.0,0.0,0.0,0.0,0,8,0
v3,Q60,14,0.0,0.0,0.0,0.0,0,8,0
v3,Q60,15,0.0,0.0,0.0,0.0,0,8,0
v3,Q60,16,0.0,0.0,0.0,0.0,0,8,0
v3,Q60,17,0.0,0.0,0.0,0.0,0,8,0
v3,Q60,18,0.0,0.0,0.0,0.0,0,8,0
v3,Q60,19,0.0,0.0,0.0,0.0,0,8,0
v3,Q60,20,0.0,0.0,0.0,0.0,0,8,0
v3,Q60,21,0.0,0.0,0.0,0.0,0,8,0
v3,Q60,22,0.0,0.0,0.0,0.0,0,8,0
v3,Q60,23,0.0,0.0,0.0,0.0,0,8,0
v3,Q60,24,0.0,0.0,0.0,0.0,0,8,0
v3,Q60,25,0.0,0.0,0.0,0.0,0,8,0
v3,Q61,1,0.0,0.0,0.0,0.0,0,1,0
v3,Q61,2,0.0,0.0,0.0,0.0,0,1,0
v3,Q61,3,0.0,0.0,0.0,0.0,0,1,0
v3,Q61,4,0.0,0.0,0.0,0.0,0,1,0
v3,Q61,5,0.0,0.0,0.0,0.0,0,1,0
v3,Q61,6,0.0,0.0,0.0,0.0,0,1,0
v3,Q61,7,0.0,0.0,0.0,0.0,0,1,0
v3,Q61,8,0.0,0.0,0.0,0.0,0,1,0
v3,Q61,9,0.0,0.0,0.0,0.0,0,1,0
v3,Q61,10,0.0,0.0,0.0,0.0,0,1,0
v3,Q61,11,0.0,0.0,0.0,0.0,0,1,0
v3,Q61,12,0.0,0.0,0.0,0.0,0,1,0
v3,Q61,13,0.0,0.0,0.0,0.0,0,1,0
v3,Q61,14,0.0,0.0,0.0,0.0,0,1,0
v3,Q61,15,0.0,0.0,0.0,0.0,0,1,0
v3,Q61,16,0.0,0.0,0.0,0.0,0,1,0
v3,Q61,17,0.0,0.0,0.0,0.0,0,1,0
v3,Q61,18,0.0,0.0,0.0,0.0,0,1,0
v3,Q61,19,0.0,0.0,0.0,0.0,0,1,0
v3,Q61,20,0.0,0.0,0.0,0.0,0,1,0
v3,Q61,21,0.0,0.0,0.0,0.0,0,1,0
v3,Q61,22,0.0,0.0,0.0,0.0,0,1,0
v3,Q61,23,0.0,0.0,0.0,0.0,0,1,0
v3,Q61,24,0.0,0.0,0.0,0.0,0,1,0
v3,Q61,25,0.0,0.0,0.0,0.0,0,1,0
v3,Q62,1,0.0,0.0,0.0,0.0,0,1,0
v3,Q62,2,0.0,0.0,0.0,0.0,0,1,0
v3,Q62,3,0.0,0.0,0.0,0.0,0,1,0
v3,Q62,4,0.0,0.0,0.0,0.0,0,1,0
v3,Q62,5,0.0,0.0,0.0,0.0,0,1,0
v3,Q62,6,0.0,0.0,0.0,0.0,0,1,0
v3,Q62,7,0.0,0.0,0.0,0.0,0,1,0
v3,Q62,8,0.0,0.0,0.0,0.0,0,1,0
v3,Q62,9,0.0,0.0,0.0,0.0,0,1,0
v3,Q62,10,0.0,0.0,0.0,0.0,0,1,0
v3,Q62,11,0.0,0.0,0.0,0.0,0,1,0
v3,Q62,12,0.0,0.0,0.0,0.0,0,1,0
v3,Q62,13,0.0,0.0,0.0,0.0,0,1,0
v3,Q62,14,0.0,0.0,0.0,0.0,0,1,0
v3,Q62,15,0.0,0.0,0.0,0.0,0,1,0
v3,Q62,16,0.0,0.0,0.0,0.0,0,1,0
v3,Q62,17,0.0,0.0,0.0,0.0,0,1,0
v3,Q62,18,0.0,0.0,0.0,0.0,0,1,0
v3,Q62,19,0.0,0.0,0.0,0.0,0,1,0
v3,Q62,20,0.0,0.0,0.0,0.0,0,1,0
v3,Q62,21,0.0,0.0,0.0,0.0,0,1,0
v3,Q62,22,0.0,0.0,0.0,0.0,0,1,0
v3,Q62,23,0.0,0.0,0.0,0.0,0,1,0
v3,Q62,24,0.0,0.0,0.0,0.0,0,1,0
v3,Q62,25,0.0,0.0,0.0,0.0,0,1,0
v3,Q63,1,0.0,0.0,0.0,0.0,0,1,0
v3,Q63,2,0.0,0.0,0.0,0.0,0,1,0
v3,Q63,3,0.0,0.0,0.0,0.0,0,1,0
v3,Q63,4,0.0,0.0,0.0,0.0,0,1,0
v3,Q63,5,0.0,0.0,0.0,0.0,0,1,0
v3,Q63,6,0.0,0.0,0.0,0.0,0,1,0
v3,Q63,7,0.0,0.0,0.0,0.0,0,1,0
v3,Q63,8,0.0,0.0,0.0,0.0,0,1,0
v3,Q63,9,0.0,0.0,0.0,0.0,0,1,0
v3,Q63,10,0.0,0.0,0.0,0.0,0,1,0
v3,Q63,11,0.0,0.0,0.0,0.0,0,1,0
v3,Q63,12,0.0,0.0,0.0,0.0,0,1,0
v3,Q63,13,0.0,0.0,0.0,0.0,0,1,0
v3,Q63,14,0.0,0.0,0.0,0.0,0,1,0
v3,Q63,15,0.0,0.0,0.0,0.0,0,1,0
v3,Q63,16,0.0,0.0,0.0,0.0,0,1,0
v3,Q63,17,0.0,0.0,0.0,0.0,0,1,0
v3,Q63,18,0.0,0.0,0.0,0.0,0,1,0
v3,Q63,19,0.0,0.0,0.0,0.0,0,1,0
v3,Q63,20,0.0,0.0,0.0,0.0,0,1,0
v3,Q63,21,0.0,0.0,0.0,0.0,0,1,0
v3,Q63,22,0.0,0.0,0.0,0.0,0,1,0
v3,Q63,23,0.0,0.0,0.0,0.0,0,1,0
v3,Q63,24,0.0,0.0,0.0,0.0,0,1,0
v3,Q63,25,0.0,0.0,0.0,0.0,0,1,0
v3,Q64,1,0.0,0.0,0.0,0.0,0,1,0
v3,Q64,2,0.0,0.0,0.0,0.0,0,1,0
v3,Q64,3,0.0,0.0,0.0,0.0,0,1,0
v3,Q64,4,0.0,0.0,0.0,0.0,0,1,0
v3,Q64,5,0.0,0.0,0.0,0.0,0,1,0
v3,Q64,6,0.0,0.0,0.0,0.0,0,1,0
v3,Q64,7,0.0,0.0,0.0,0.0,0,1,0
v3,Q64,8,0.0,0.0,0.0,0.0,0,1,0
v3,Q64,9,0.0,0.0,0.0,0.0,0,1,0
v3,Q64,10,0.0,0.0,0.0,0.0,0,1,0
v3,Q64,11,0.0,0.0,0.0,0.0,0,1,0
v3,Q64,12,0.0,0.0,0.0,0.0,0,1,0
v3,Q64,13,0.0,0.0,0.0,0.0,1,1,0
v3,Q64,14,0.0,0.0,0.0,0.0,0,1,0
v3,Q64,15,0.0,0.0,0.0,0.0,0,1,0
v3,Q64,16,0.0,0.0,0.0,0.0,0,1,0
v3,Q64,17,0.0,0.0,0.0,0.0,0,1,0
v3,Q64,18,0.0,0.0,0.0,0.0,0,1,0
v3,Q64,19,0.0,0.0,0.0,0.0,0,1,0
v3,Q64,20,0.0,0.0,0.0,0.0,0,1,0
v3,Q64,21,0.0,0.0,0.0,0.0,0,1,0
v3,Q64,22,0.0,0.0,0.0,0.0,0,1,0
v3,Q64,23,0.0,0.0,0.0,0.0,0,1,0
v3,Q64,24,0.0,0.0,0.0,0.0,0,1,0
v3,Q64,25,0.0,0.0,0.0,0.0,0,1,0
v3,Q65,1,0.0,0.0,0.0,0.0,0,4,0
v3,Q65,2,0.0,0.0,0.0,0.0,0,4,0
v3,Q65,3,0.0,0.0,0.0,0.0,0,4,0
v3,Q65,4,0.0,0.0,0.0,0.0,0,4,0
v3,Q65,5,0.0,0.0,0.0,0.0,0,4,0
v3,Q65,6,0.0,0.0,0.0,0.0,0,4,0
v3,Q65,7,0.0,0.0,0.0,0.0,0,4,0
v3,Q65,8,0.0,0.0,0.0,0.0,0,4,0
v3,Q65,9,0.0,0.0,0.0,0.0,0,4,0
v3,Q65,10,0.0,0.0,0.0,0.0,0,4,0
v3,Q65,11,0.0,0.0,0.0,0.0,0,4,0
v3,Q65,12,0.0,0.0,0.0,0.0,0,4,0
v3,Q65,13,0.0,0.0,0.0,0.0,0,4,0
v3,Q65,14,0.0,0.0,0.0,0.0,0,4,0
v3,Q65,15,0.0,0.0,0.0,0.0,0,4,0
v3,Q65,16,0.0,0.0,0.0,0.0,0,4,0
v3,Q65,17,0.0,0.0,0.0,0.0,0,4,0
v3,Q65,18,0.0,0.0,0.0,0.0,0,4,0
v3,Q65,19,0.0,0.0,0.0,0.0,0,4,0
v3,Q65,20,0.0,0.0,0.0,0.0,0,4,0
v3,Q65,21,0.0,0.0,0.0,0.0,0,4,0
v3,Q65,22,0.0,0.0,0.0,0.0,0,4,0
v3,Q65,23,0.0,0.0,0.0,0.0,0,4,0
v3,Q65,24,0.0,0.0,0.0,0.0,0,4,0
v3,Q65,25,0.0,0.0,0.0,0.0,0,4,0
v3,Q66,1,0.0,0.0,0.0,0.0,0,1,0
v3,Q66,2,0.0,0.0,0.0,0.0,0,1,0
v3,Q66,3,0.0,0.0,0.0,0.0,0,1,0
v3,Q66,4,0.0,0.0,0.0,0.0,0,1,0
v3,Q66,5,0.0,0.0,0.0,0.0,0,1,0
v3,Q66,6,0.0,0.0,0.0,0.0,0,1,0
v3,Q66,7,0.0,0.0,0.0,0.0,0,1,0
v3,Q66,8,0.0,0.0,0.0,0.0,0,1,0
v3,Q66,9,0.0,0.0,0.0,0.0,0,1,0
v3,Q66,10,0.0,0.0,0.0,0.0,0,1,0
v3,Q66,11,0.0,0.0,0.0,0.0,0,1,0
v3,Q66,12,0.0,0.0,0.0,0.0,0,1,0
v3,Q66,13,0.0,0.0,0.0,0.0,0,1,0
v3,Q66,14,0.0,0.0,0.0,0.0,0,1,0
v3,Q66,15,0.0,0.0,0.0,0.0,0,1,0
v3,Q66,16,0.0,0.0,0.0,0.0,0,1,0
v3,Q66,17,0.0,0.0,0.0,0.0,0,1,0
v3,Q66,18,0.0,0.0,0.0,0.0,0,1,0
v3,Q66,19,0.0,0.0,0.0,0.0,0,1,0
v3,Q66,20,0.0,0.0,0.0,0.0,0,1,0
v3,Q66,21,0.0,0.0,0.0,0.0,1,1,0
v3,Q66,22,0.0,0.0,0.0,0.0,0,1,0
v3,Q66,23,0.0,0.0,0.0,0.0,0,1,0
v3,Q66,24,0.0,0.0,0.0,0.0,0,1,0
v3,Q66,25,0.0,0.0,0.0,0.0,0,1,0
v3,Q67,1,0.0,0.0,0.0,0.0,0,1,0
v3,Q67,2,0.0,0.0,0.0,0.0,0,1,0
v3,Q67,3,0.0,0.0,0.0,0.0,0,1,0
v3,Q67,4,0.0,0.0,0.0,0.0,0,1,0
v3,Q67,5,0.0,0.0,0.0,0.0,0,1,0
v3,Q67,6,0.0,0.0,0.0,0.0,0,1,0
v3,Q67,7,0.0,0.0,0.0,0.0,0,1,0
v3,Q67,8,0.0,0.0,0.0,0.0,0,1,0
v3,Q67,9,0.0,0.0,0.0,0.0,0,1,0
v3,Q67,10,0.0,0.0,0.0,0.0,0,1,0
v3,Q67,11,0.0,0.0,0.0,0.0,0,1,0
v3,Q67,12,0.0,0.0,0.0,0.0,0,1,0
v3,Q67,13,0.0,0.0,0.0,0.0,0,1,0
v3,Q67,14,0.0,0.0,0.0,0.0,0,1,0
v3,Q67,15,0.0,0.0,0.0,0.0,0,1,0
v3,Q67,16,0.0,0.0,0.0,0.0,0,1,0
v3,Q67,17,0.0,0.0,0.0,0.0,0,1,0
v3,Q67,18,0.0,0.0,0.0,0.0,0,1,0
v3,Q67,19,0.0,0.0,0.0,0.0,0,1,0
v3,Q67,20,0.0,0.0,0.0,0.0,0,1,0
v3,Q67,21,0.0,0.0,0.0,0.0,0,1,0
v3,Q67,22,0.0,0.0,0.0,0.0,0,1,0
v3,Q67,23,0.0,0.0,0.0,0.0,0,1,0
v3,Q67,24,0.0,0.0,0.0,0.0,0,1,0
v3,Q67,25,0.0,0.0,0.0,0.0,0,1,0
v3,Q68,1,0.0,0.0,0.0,0.0,0,2,0
v3,Q68,2,0.0,0.0,0.0,0.0,0,2,0
v3,Q68,3,0.0,0.0,0.0,0.0,0,2,0
v3,Q68,4,0.0,0.0,0.0,0.0,0,2,0
v3,Q68,5,0.0,0.0,0.0,0.0,0,2,0
v3,Q68,6,0.0,0.0,0.0,0.0,0,2,0
v3,Q68,7,0.0,0.0,0.0,0.0,0,2,0
v3,Q68,8,0.0,0.0,0.0,0.0,0,2,0
v3,Q68,9,0.0,0.0,0.0,0.0,0,2,0
v3,Q68,10,0.0,0.0,0.0,0.0,0,2,0
v3,Q68,11,0.0,0.0,0.0,0.0,0,2,0
v3,Q68,12,0.0,0.0,0.0,0.0,0,2,0
v3,Q68,13,0.0,0.0,0.0,0.0,0,2,0
v3,Q68,14,0.0,0.0,0.0,0.0,0,2,0
v3,Q68,15,0.0,0.0,0.0,0.0,0,2,0
v3,Q68,16,0.0,0.0,0.0,0.0,0,2,0
v3,Q68,17,0.0,0.0,0.0,0.0,0,2,0
v3,Q68,18,0.0,0.0,0.0,0.0,0,2,0
v3,Q68,19,0.0,0.0,0.0,0.0,0,2,0
v3,Q68,20,0.0,0.0,0.0,0.0,0,2,0
v3,Q68,21,0.0,0.0,0.0,0.0,0,2,0
v3,Q68,22,0.0,0.0,0.0,0.0,0,2,0
v3,Q68,23,0.0,0.0,0.0,0.0,0,2,0
v3,Q68,24,0.0,0.0,0.0,0.0,0,2,0
v3,Q68,25,0.0,0.0,0.0,0.0,0,2,0
v3,Q69,1,0.0,0.0,0.0,0.0,0,2,0
v3,Q69,2,0.0,0.0,0.0,0.0,0,2,0
v3,Q69,3,0.0,0.0,0.0,0.0,0,2,0
v3,Q69,4,0.0,0.0,0.0,0.0,0,2,0
v3,Q69,5,0.0,0.0,0.0,0.0,0,2,0
v3,Q69,6,0.0,0.0,0.0,0.0,0,2,0
v3,Q69,7,0.0,0.0,0.0,0.0,0,2,0
v3,Q69,8,0.0,0.0,0.0,0.0,0,2,0
v3,Q69,9,0.0,0.0,0.0,0.0,0,2,0
v3,Q69,10,0.0,0.0,0.0,0.0,0,2,0
v3,Q69,11,0.0,0.0,0.0,0.0,0,2,0
v3,Q69,12,0.0,0.0,0.0,0.0,0,2,0
v3,Q69,13,0.0,0.0,0.0,0.0,0,2,0
v3,Q69,14,0.0,0.0,0.0,0.0,0,2,0
v3,Q69,15,0.0,0.0,0.0,0.0,0,2,0
v3,Q69,16,0.0,0.0,0.0,0.0,0,2,0
v3,Q69,17,0.0,0.0,0.0,0.0,0,2,0
v3,Q69,18,0.0,0.0,0.0,0.0,0,2,0
v3,Q69,19,0.0,0.0,0.0,0.0,0,2,0
v3,Q69,20,0.0,0.0,0.0,0.0,0,2,0
v3,Q69,21,0.0,0.0,0.0,0.0,0,2,0
v3,Q69,22,0.0,0.0,0.0,0.0,0,2,0
v3,Q69,23,0.0,0.0,0.0,0.0,0,2,0
v3,Q69,24,0.0,0.0,0.0,0.0,0,2,0
v3,Q69,25,0.0,0.0,0.0,0.0,0,2,0
v3,Q7,1,0.0,0.0,0.0,0.0,0,1,0
v3,Q7,2,0.0,0.0,0.0,0.0,0,1,0
v3,Q7,3,0.0,0.0,0.0,0.0,0,1,0
v3,Q7,4,0.0,0.0,0.0,0.0,0,1,0
v3,Q7,5,0.0,0.0,0.0,0.0,0,1,0
v3,Q7,6,0.0,0.0,0.0,0.0,0,1,0
v3,Q7,7,0.0,0.0,0.0,0.0,0,1,0
v3,Q7,8,0.0,0.0,0.0,0.0,0,1,0
v3,Q7,9,0.0,0.0,0.0,0.0,0,1,0
v3,Q7,10,0.0,0.0,0.0,0.0,0,1,0
v3,Q7,11,0.0,0.0,0.0,0.0,0,1,0
v3,Q7,12,0.0,0.0,0.0,0.0,0,1,0
v3,Q7,13,0.0,0.0,0.0,0.0,0,1,0
v3,Q7,14,0.0,0.0,0.0,0.0,0,1,0
v3,Q7,15,0.0,0.0,0.0,0.0,0,1,0
v3,Q7,16,0.0,0.0,0.0,0.0,0,1,0
v3,Q7,17,0.0,0.0,0.0,0.0,0,1,0
v3,Q7,18,0.0,0.0,0.0,0.0,0,1,0
v3,Q7,19,0.0,0.0,0.0,0.0,0,1,0
v3,Q7,20,0.0,0.0,0.0,0.0,0,1,0
v3,Q7,21,0.0,0.0,0.0,0.0,0,1,0
v3,Q7,22,0.0,0.0,0.0,0.0,0,1,0
v3,Q7,23,0.0,0.0,0.0,0.0,0,1,0
v3,Q7,24,0.0,0.0,0.0,0.0,0,1,0
v3,Q7,25,0.0,0.0,0.0,0.0,0,1,0
v3,Q70,1,0.0,0.0,0.0,0.0,0,1,0
v3,Q70,2,0.0,0.0,0.0,0.0,1,1,0
v3,Q70,3,0.0,0.0,0.0,0.0,0,1,0
v3,Q70,4,0.0,0.0,0.0,0.0,1,1,0
v3,Q70,5,0.0,0.0,0.0,0.0,1,1,0
v3,Q70,6,0.0,0.0,0.0,0.0,0,1,0
v3,Q70,7,0.0,0.0,0.0,0.0,0,1,0
v3,Q70,8,0.0,0.0,0.0,0.0,1,1,0
v3,Q70,9,0.0,0.0,0.0,0.0,0,1,0
v3,Q70,10,0.0,0.0,0.0,0.0,1,1,0
v3,Q70,11,0.0,0.0,0.0,0.0,1,1,0
v3,Q70,12,0.0,0.0,0.0,0.0,1,1,0
v3,Q70,13,0.0,0.0,0.0,0.0,0,1,0
v3,Q70,14,0.0,0.0,0.0,0.0,1,1,0
v3,Q70,15,0.0,0.0,0.0,0.0,0,1,0
v3,Q70,16,0.0,0.0,0.0,0.0,0,1,0
v3,Q70,17,0.0,0.0,0.0,0.0,1,1,0
v3,Q70,18,0.0,0.0,0.0,0.0,0,1,0
v3,Q70,19,0.0,0.0,0.0,0.0,1,1,0
v3,Q70,20,0.0,0.0,0.0,0.0,0,1,0
v3,Q70,21,0.0,0.0,0.0,0.0,0,1,0
v3,Q70,22,0.0,0.0,0.0,0.0,0,1,0
v3,Q70,23,0.0,0.0,0.0,0.0,0,1,0
v3,Q70,24,0.0,0.0,0.0,0.0,0,1,0
v3,Q70,25,0.0,0.0,0.0,0.0,1,1,0
v3,Q71,1,0.0,0.0,0.0,0.0,1,2,0
v3,Q71,2,0.0,0.0,0.0,0.0,1,2,0
v3,Q71,3,0.0,0.0,0.0,0.0,1,2,0
v3,Q71,4,0.0,0.0,0.0,0.0,1,2,0
v3,Q71,5,0.0,0.0,0.0,0.0,1,2,0
v3,Q71,6,0.0,0.0,0.0,0.0,1,2,0
v3,Q71,7,0.0,0.0,0.0,0.0,1,2,0
v3,Q71,8,0.0,0.0,0.0,0.0,1,2,0
v3,Q71,9,0.0,0.0,0.0,0.0,1,2,0
v3,Q71,10,0.0,0.0,0.0,0.0,1,2,0
v3,Q71,11,0.0,0.0,0.0,0.0,1,2,0
v3,Q71,12,0.0,0.0,0.0,0.0,1,2,0
v3,Q71,13,0.0,0.0,0.0,0.0,1,2,0
v3,Q71,14,0.0,0.0,0.0,0.0,1,2,0
v3,Q71,15,0.0,0.0,0.0,0.0,1,2,0
v3,Q71,16,0.0,0.0,0.0,0.0,1,2,0
v3,Q71,17,0.0,0.0,0.0,0.0,1,2,0
v3,Q71,18,0.0,0.0,0.0,0.0,1,2,0
v3,Q71,19,0.0,0.0,0.0,0.0,1,2,0
v3,Q71,20,0.0,0.0,0.0,0.0,1,2,0
v3,Q71,21,0.0,0.0,0.0,0.0,1,2,0
v3,Q71,22,0.0,0.0,0.0,0.0,1,2,0
v3,Q71,23,0.0,0.0,0.0,0.0,1,2,0
v3,Q71,24,0.0,0.0,0.0,0.0,1,2,0
v3,Q71,25,0.0,0.0,0.0,0.0,1,2,0
v3,Q72,1,0.0,0.0,0.0,0.0,1,1,0
v3,Q72,2,0.0,0.0,0.0,0.0,1,1,0
v3,Q72,3,0.0,0.0,0.0,0.0,1,1,0
v3,Q72,4,0.0,0.0,0.0,0.0,1,1,0
v3,Q72,5,0.0,0.0,0.0,0.0,1,1,0
v3,Q72,6,0.0,0.0,0.0,0.0,1,1,0
v3,Q72,7,0.0,0.0,0.0,0.0,1,1,0
v3,Q72,8,0.0,0.0,0.0,0.0,1,1,0
v3,Q72,9,0.0,0.0,0.0,0.0,1,1,0
v3,Q72,10,0.0,0.0,0.0,0.0,1,1,0
v3,Q72,11,0.0,0.0,0.0,0.0,1,1,0
v3,Q72,12,0.0,0.0,0.0,0.0,1,1,0
v3,Q72,13,0.0,0.0,0.0,0.0,1,1,0
v3,Q72,14,0.0,0.0,0.0,0.0,0,1,0
v3,Q72,15,0.0,0.0,0.0,0.0,1,1,0
v3,Q72,16,0.0,0.0,0.0,0.0,1,1,0
v3,Q72,17,0.0,0.0,0.0,0.0,1,1,0
v3,Q72,18,0.0,0.0,0.0,0.0,1,1,0
v3,Q72,19,0.0,0.0,0.0,0.0,1,1,0
v3,Q72,20,0.0,0.0,0.0,0.0,1,1,0
v3,Q72,21,0.0,0.0,0.0,0.0,1,1,0
v3,Q72,22,0.0,0.0,0.0,0.0,1,1,0
v3,Q72,23,0.0,0.0,0.0,0.0,1,1,0
v3,Q72,24,0.0,0.0,0.0,0.0,1,1,0
v3,Q72,25,0.0,0.0,0.0,0.0,1,1,0
v3,Q73,1,0.0,0.0,0.0,0.0,0,10,0
v3,Q73,2,0.0,0.0,0.0,0.0,0,10,0
v3,Q73,3,0.0,0.0,0.0,0.0,0,10,0
v3,Q73,4,0.0,0.0,0.0,0.0,0,10,0
v3,Q73,5,0.0,0.0,0.0,0.0,0,10,0
v3,Q73,6,0.0,0.0,0.0,0.0,0,10,0
v3,Q73,7,0.0,0.0,0.0,0.0,0,10,0
v3,Q73,8,0.0,0.0,0.0,0.0,0,10,0
v3,Q73,9,0.0,0.0,0.0,0.0,0,10,0
v3,Q73,10,0.0,0.0,0.0,0.0,0,10,0
v3,Q73,11,0.0,0.0,0.0,0.0,0,10,0
v3,Q73,12,0.0,0.0,0.0,0.0,0,10,0
v3,Q73,13,0.0,0.0,0.0,0.0,0,10,0
v3,Q73,14,0.0,0.0,0.0,0.0,0,10,0
v3,Q73,15,0.0,0.0,0.0,0.0,0,10,0
v3,Q73,16,0.0,0.0,0.0,0.0,0,10,0
v3,Q73,17,0.0,0.0,0.0,0.0,0,10,0
v3,Q73,18,0.0,0.0,0.0,0.0,0,10,0
v3,Q73,19,0.0,0.0,0.0,0.0,0,10,0
v3,Q73,20,0.0,0.0,0.0,0.0,0,10,0
v3,Q73,21,0.0,0.0,0.0,0.0,0,10,0
v3,Q73,22,0.0,0.0,0.0,0.0,0,10,0
v3,Q73,23,0.0,0.0,0.0,0.0,0,10,0
v3,Q73,24,0.0,0.0,0.0,0.0,0,10,0
v3,Q73,25,0.0,0.0,0.0,0.0,0,10,0
v3,Q74,1,0.0,0.0,0.0,0.0,0,4,0
v3,Q74,2,0.0,0.0,0.0,0.0,0,4,0
v3,Q74,3,0.0,0.0,0.0,0.0,0,4,0
v3,Q74,4,0.0,0.0,0.0,0.0,0,4,0
v3,Q74,5,0.0,0.0,0.0,0.0,0,4,0
v3,Q74,6,0.0,0.0,0.0,0.0,0,4,0
v3,Q74,7,0.0,0.0,0.0,0.0,0,4,0
v3,Q74,8,0.0,0.0,0.0,0.0,0,4,0
v3,Q74,9,0.0,0.0,0.0,0.0,0,4,0
v3,Q74,10,0.0,0.0,0.0,0.0,0,4,0
v3,Q74,11,0.0,0.0,0.0,0.0,0,4,0
v3,Q74,12,0.0,0.0,0.0,0.0,0,4,0
v3,Q74,13,0.0,0.0,0.0,0.0,0,4,0
v3,Q74,14,0.0,0.0,0.0,0.0,0,4,0
v3,Q74,15,0.0,0.0,0.0,0.0,0,4,0
v3,Q74,16,0.0,0.0,0.0,0.0,0,4,0
v3,Q74,17,0.0,0.0,0.0,0.0,0,4,0
v3,Q74,18,0.0,0.0,0.0,0.0,0,4,0
v3,Q74,19,0.0,0.0,0.0,0.0,0,4,0
v3,Q74,20,0.0,0.0,0.0,0.0,0,4,0
v3,Q74,21,0.0,0.0,0.0,0.0,0,4,0
v3,Q74,22,0.0,0.0,0.0,0.0,0,4,0
v3,Q74,23,0.0,0.0,0.0,0.0,0,4,0
v3,Q74,24,0.0,0.0,0.0,0.0,0,4,0
v3,Q74,25,0.0,0.0,0.0,0.0,0,4,0
v3,Q75,1,0.0,0.0,0.0,0.0,0,3,0
v3,Q75,2,0.0,0.0,0.0,0.0,0,3,0
v3,Q75,3,0.0,0.0,0.0,0.0,0,3,0
v3,Q75,4,0.0,0.0,0.0,0.0,0,3,0
v3,Q75,5,0.0,0.0,0.0,0.0,0,3,0
v3,Q75,6,0.0,0.0,0.0,0.0,0,3,0
v3,Q75,7,0.0,0.0,0.0,0.0,0,3,0
v3,Q75,8,0.0,0.0,0.0,0.0,0,3,0
v3,Q75,9,0.0,0.0,0.0,0.0,0,3,0
v3,Q75,10,0.0,0.0,0.0,0.0,1,3,0
v3,Q75,11,0.0,0.0,0.0,0.0,0,3,0
v3,Q75,12,0.0,0.0,0.0,0.0,0,3,0
v3,Q75,13,0.0,0.0,0.0,0.0,0,3,0
v3,Q75,14,0.0,0.0,0.0,0.0,0,3,0
v3,Q75,15,0.0,0.0,0.0,0.0,0,3,0
v3,Q75,16,0.0,0.0,0.0,0.0,0,3,0
v3,Q75,17,0.0,0.0,0.0,0.0,0,3,0
v3,Q75,18,0.0,0.0,0.0,0.0,1,3,0
v3,Q75,19,0.0,0.0,0.0,0.0,0,3,0
v3,Q75,20,0.0,0.0,0.0,0.0,0,3,0
v3,Q75,21,0.0,0.0,0.0,0.0,1,3,0
v3,Q75,22,0.0,0.0,0.0,0.0,0,3,0
v3,Q75,23,0.0,0.0,0.0,0.0,0,3,0
v3,Q75,24,0.0,0.0,0.0,0.0,0,3,0
v3,Q75,25,0.0,0.0,0.0,0.0,0,3,0
v3,Q76,1,0.0,0.0,0.0,0.0,1,2,0
v3,Q76,2,0.0,0.0,0.0,0.0,1,2,0
v3,Q76,3,0.0,0.0,0.0,0.0,0,2,0
v3,Q76,4,0.5,0.5,0.5,0.3333333333333333,2,2,1
v3,Q76,5,0.0,0.0,0.0,0.0,2,2,0
v3,Q76,6,0.0,0.0,0.0,0.0,1,2,0
v3,Q76,7,0.0,0.0,0.0,0.0,1,2,0
v3,Q76,8,0.0,0.0,0.0,0.0,1,2,0
v3,Q76,9,0.0,0.0,0.0,0.0,1,2,0
v3,Q76,10,0.0,0.0,0.0,0.0,1,2,0
v3,Q76,11,0.0,0.0,0.0,0.0,1,2,0
v3,Q76,12,0.0,0.0,0.0,0.0,0,2,0
v3,Q76,13,0.0,0.0,0.0,0.0,1,2,0
v3,Q76,14,0.0,0.0,0.0,0.0,1,2,0
v3,Q76,15,0.0,0.0,0.0,0.0,1,2,0
v3,Q76,16,0.0,0.0,0.0,0.0,1,2,0
v3,Q76,17,0.0,0.0,0.0,0.0,0,2,0
v3,Q76,18,0.0,0.0,0.0,0.0,1,2,0
v3,Q76,19,0.0,0.0,0.0,0.0,1,2,0
v3,Q76,20,0.0,0.0,0.0,0.0,1,2,0
v3,Q76,21,0.0,0.0,0.0,0.0,1,2,0
v3,Q76,22,0.0,0.0,0.0,0.0,1,2,0
v3,Q76,23,0.0,0.0,0.0,0.0,0,2,0
v3,Q76,24,0.0,0.0,0.0,0.0,1,2,0
v3,Q76,25,0.0,0.0,0.0,0.0,2,2,0
v3,Q77,1,0.0,0.0,0.0,0.0,1,5,0
v3,Q77,2,0.0,0.0,0.0,0.0,1,5,0
v3,Q77,3,0.0,0.0,0.0,0.0,1,5,0
v3,Q77,4,0.0,0.0,0.0,0.0,1,5,0
v3,Q77,5,0.0,0.0,0.0,0.0,1,5,0
v3,Q77,6,0.0,0.0,0.0,0.0,1,5,0
v3,Q77,7,0.0,0.0,0.0,0.0,1,5,0
v3,Q77,8,0.0,0.0,0.0,0.0,1,5,0
v3,Q77,9,0.0,0.0,0.0,0.0,1,5,0
v3,Q77,10,0.0,0.0,0.0,0.0,1,5,0
v3,Q77,11,0.0,0.0,0.0,0.0,1,5,0
v3,Q77,12,0.0,0.0,0.0,0.0,1,5,0
v3,Q77,13,0.0,0.0,0.0,0.0,1,5,0
v3,Q77,14,0.0,0.0,0.0,0.0,1,5,0
v3,Q77,15,0.0,0.0,0.0,0.0,1,5,0
v3,Q77,16,0.0,0.0,0.0,0.0,1,5,0
v3,Q77,17,0.0,0.0,0.0,0.0,1,5,0
v3,Q77,18,0.0,0.0,0.0,0.0,1,5,0
v3,Q77,19,0.0,0.0,0.0,0.0,1,5,0
v3,Q77,20,0.0,0.0,0.0,0.0,1,5,0
v3,Q77,21,0.0,0.0,0.0,0.0,1,5,0
v3,Q77,22,0.0,0.0,0.0,0.0,1,5,0
v3,Q77,23,0.0,0.0,0.0,0.0,1,5,0
v3,Q77,24,0.0,0.0,0.0,0.0,1,5,0
v3,Q77,25,0.0,0.0,0.0,0.0,1,5,0
v3,Q78,1,0.0,0.0,0.0,0.0,1,2,0
v3,Q78,2,0.0,0.0,0.0,0.0,1,2,0
v3,Q78,3,0.0,0.0,0.0,0.0,1,2,0
v3,Q78,4,0.0,0.0,0.0,0.0,1,2,0
v3,Q78,5,0.0,0.0,0.0,0.0,0,2,0
v3,Q78,6,0.0,0.0,0.0,0.0,0,2,0
v3,Q78,7,0.0,0.0,0.0,0.0,1,2,0
v3,Q78,8,0.0,0.0,0.0,0.0,0,2,0
v3,Q78,9,0.0,0.0,0.0,0.0,0,2,0
v3,Q78,10,0.0,0.0,0.0,0.0,0,2,0
v3,Q78,11,0.0,0.0,0.0,0.0,0,2,0
v3,Q78,12,0.0,0.0,0.0,0.0,0,2,0
v3,Q78,13,0.0,0.0,0.0,0.0,0,2,0
v3,Q78,14,0.0,0.0,0.0,0.0,0,2,0
v3,Q78,15,0.0,0.0,0.0,0.0,1,2,0
v3,Q78,16,0.0,0.0,0.0,0.0,1,2,0
v3,Q78,17,0.0,0.0,0.0,0.0,1,2,0
v3,Q78,18,0.0,0.0,0.0,0.0,0,2,0
v3,Q78,19,0.0,0.0,0.0,0.0,1,2,0
v3,Q78,20,0.0,0.0,0.0,0.0,0,2,0
v3,Q78,21,0.0,0.0,0.0,0.0,1,2,0
v3,Q78,22,0.0,0.0,0.0,0.0,0,2,0
v3,Q78,23,0.0,0.0,0.0,0.0,0,2,0
v3,Q78,24,0.0,0.0,0.0,0.0,0,2,0
v3,Q78,25,0.0,0.0,0.0,0.0,0,2,0
v3,Q79,1,0.0,0.0,0.0,0.0,0,3,0
v3,Q79,2,0.0,0.0,0.0,0.0,0,3,0
v3,Q79,3,0.0,0.0,0.0,0.0,1,3,0
v3,Q79,4,0.0,0.0,0.0,0.0,0,3,0
v3,Q79,5,0.0,0.0,0.0,0.0,0,3,0
v3,Q79,6,0.0,0.0,0.0,0.0,0,3,0
v3,Q79,7,0.0,0.0,0.0,0.0,1,3,0
v3,Q79,8,0.0,0.0,0.0,0.0,0,3,0
v3,Q79,9,0.0,0.0,0.0,0.0,0,3,0
v3,Q79,10,0.0,0.0,0.0,0.0,1,3,0
v3,Q79,11,0.0,0.0,0.0,0.0,0,3,0
v3,Q79,12,0.0,0.0,0.0,0.0,0,3,0
v3,Q79,13,0.0,0.0,0.0,0.0,0,3,0
v3,Q79,14,0.0,0.0,0.0,0.0,0,3,0
v3,Q79,15,0.0,0.0,0.0,0.0,0,3,0
v3,Q79,16,0.0,0.0,0.0,0.0,0,3,0
v3,Q79,17,0.0,0.0,0.0,0.0,0,3,0
v3,Q79,18,0.0,0.0,0.0,0.0,0,3,0
v3,Q79,19,0.0,0.0,0.0,0.0,0,3,0
v3,Q79,20,0.0,0.0,0.0,0.0,0,3,0
v3,Q79,21,0.0,0.0,0.0,0.0,0,3,0
v3,Q79,22,0.0,0.0,0.0,0.0,0,3,0
v3,Q79,23,0.0,0.0,0.0,0.0,0,3,0
v3,Q79,24,0.0,0.0,0.0,0.0,0,3,0
v3,Q79,25,0.0,0.0,0.0,0.0,0,3,0
v3,Q8,1,0.0,0.0,0.0,0.0,0,5,0
v3,Q8,2,0.0,0.0,0.0,0.0,0,5,0
v3,Q8,3,0.0,0.0,0.0,0.0,0,5,0
v3,Q8,4,0.0,0.0,0.0,0.0,1,5,0
v3,Q8,5,0.0,0.0,0.0,0.0,1,5,0
v3,Q8,6,0.0,0.0,0.0,0.0,0,5,0
v3,Q8,7,0.0,0.0,0.0,0.0,0,5,0
v3,Q8,8,0.0,0.0,0.0,0.0,0,5,0
v3,Q8,9,0.0,0.0,0.0,0.0,0,5,0
v3,Q8,10,0.0,0.0,0.0,0.0,0,5,0
v3,Q8,11,0.0,0.0,0.0,0.0,1,5,0
v3,Q8,12,0.0,0.0,0.0,0.0,0,5,0
v3,Q8,13,0.0,0.0,0.0,0.0,0,5,0
v3,Q8,14,0.0,0.0,0.0,0.0,1,5,0
v3,Q8,15,0.0,0.0,0.0,0.0,0,5,0
v3,Q8,16,0.0,0.0,0.0,0.0,1,5,0
v3,Q8,17,0.0,0.0,0.0,0.0,0,5,0
v3,Q8,18,0.0,0.0,0.0,0.0,0,5,0
v3,Q8,19,0.0,0.0,0.0,0.0,0,5,0
v3,Q8,20,0.0,0.0,0.0,0.0,1,5,0
v3,Q8,21,0.0,0.0,0.0,0.0,0,5,0
v3,Q8,22,0.0,0.0,0.0,0.0,1,5,0
v3,Q8,23,0.0,0.0,0.0,0.0,0,5,0
v3,Q8,24,0.0,0.0,0.0,0.0,1,5,0
v3,Q8,25,0.0,0.0,0.0,0.0,1,5,0
v3,Q80,1,0.0,0.0,0.0,0.0,0,2,0
v3,Q80,2,0.0,0.0,0.0,0.0,1,2,0
v3,Q80,3,0.0,0.0,0.0,0.0,0,2,0
v3,Q80,4,0.0,0.0,0.0,0.0,0,2,0
v3,Q80,5,0.0,0.0,0.0,0.0,0,2,0
v3,Q80,6,0.0,0.0,0.0,0.0,0,2,0
v3,Q80,7,0.0,0.0,0.0,0.0,0,2,0
v3,Q80,8,0.0,0.0,0.0,0.0,0,2,0
v3,Q80,9,0.0,0.0,0.0,0.0,0,2,0
v3,Q80,10,0.0,0.0,0.0,0.0,0,2,0
v3,Q80,11,0.0,0.0,0.0,0.0,0,2,0
v3,Q80,12,0.0,0.0,0.0,0.0,0,2,0
v3,Q80,13,0.0,0.0,0.0,0.0,0,2,0
v3,Q80,14,0.0,0.0,0.0,0.0,0,2,0
v3,Q80,15,0.0,0.0,0.0,0.0,0,2,0
v3,Q80,16,0.0,0.0,0.0,0.0,0,2,0
v3,Q80,17,0.0,0.0,0.0,0.0,0,2,0
v3,Q80,18,0.0,0.0,0.0,0.0,0,2,0
v3,Q80,19,0.0,0.0,0.0,0.0,0,2,0
v3,Q80,20,0.0,0.0,0.0,0.0,1,2,0
v3,Q80,21,0.0,0.0,0.0,0.0,0,2,0
v3,Q80,22,0.0,0.0,0.0,0.0,0,2,0
v3,Q80,23,0.0,0.0,0.0,0.0,0,2,0
v3,Q80,24,0.0,0.0,0.0,0.0,0,2,0
v3,Q80,25,0.0,0.0,0.0,0.0,0,2,0
v3,Q81,1,0.0,0.0,0.0,0.0,1,2,0
v3,Q81,2,0.0,0.0,0.0,0.0,1,2,0
v3,Q81,3,0.0,0.0,0.0,0.0,1,2,0
v3,Q81,4,0.0,0.0,0.0,0.0,0,2,0
v3,Q81,5,0.0,0.0,0.0,0.0,1,2,0
v3,Q81,6,0.0,0.0,0.0,0.0,1,2,0
v3,Q81,7,0.0,0.0,0.0,0.0,1,2,0
v3,Q81,8,0.0,0.0,0.0,0.0,1,2,0
v3,Q81,9,0.0,0.0,0.0,0.0,1,2,0
v3,Q81,10,0.0,0.0,0.0,0.0,0,2,0
v3,Q81,11,0.0,0.0,0.0,0.0,1,2,0
v3,Q81,12,0.0,0.0,0.0,0.0,1,2,0
v3,Q81,13,0.0,0.0,0.0,0.0,1,2,0
v3,Q81,14,0.0,0.0,0.0,0.0,0,2,0
v3,Q81,15,0.0,0.0,0.0,0.0,1,2,0
v3,Q81,16,0.0,0.0,0.0,0.0,1,2,0
v3,Q81,17,0.0,0.0,0.0,0.0,1,2,0
v3,Q81,18,0.0,0.0,0.0,0.0,0,2,0
v3,Q81,19,0.0,0.0,0.0,0.0,1,2,0
v3,Q81,20,0.0,0.0,0.0,0.0,0,2,0
v3,Q81,21,0.0,0.0,0.0,0.0,1,2,0
v3,Q81,22,0.0,0.0,0.0,0.0,1,2,0
v3,Q81,23,0.0,0.0,0.0,0.0,1,2,0
v3,Q81,24,0.0,0.0,0.0,0.0,0,2,0
v3,Q81,25,0.0,0.0,0.0,0.0,1,2,0
v3,Q82,1,0.0,0.0,0.0,0.0,0,3,0
v3,Q82,2,0.0,0.0,0.0,0.0,0,3,0
v3,Q82,3,0.0,0.0,0.0,0.0,1,3,0
v3,Q82,4,0.0,0.0,0.0,0.0,0,3,0
v3,Q82,5,0.0,0.0,0.0,0.0,0,3,0
v3,Q82,6,0.0,0.0,0.0,0.0,0,3,0
v3,Q82,7,0.0,0.0,0.0,0.0,0,3,0
v3,Q82,8,0.0,0.0,0.0,0.0,0,3,0
v3,Q82,9,0.0,0.0,0.0,0.0,0,3,0
v3,Q82,10,0.0,0.0,0.0,0.0,0,3,0
v3,Q82,11,0.0,0.0,0.0,0.0,0,3,0
v3,Q82,12,0.0,0.0,0.0,0.0,0,3,0
v3,Q82,13,0.0,0.0,0.0,0.0,0,3,0
v3,Q82,14,0.0,0.0,0.0,0.0,0,3,0
v3,Q82,15,0.0,0.0,0.0,0.0,1,3,0
v3,Q82,16,0.0,0.0,0.0,0.0,0,3,0
v3,Q82,17,0.0,0.0,0.0,0.0,0,3,0
v3,Q82,18,0.0,0.0,0.0,0.0,0,3,0
v3,Q82,19,0.0,0.0,0.0,0.0,0,3,0
v3,Q82,20,0.0,0.0,0.0,0.0,1,3,0
v3,Q82,21,0.0,0.0,0.0,0.0,0,3,0
v3,Q82,22,0.0,0.0,0.0,0.0,0,3,0
v3,Q82,23,0.0,0.0,0.0,0.0,0,3,0
v3,Q82,24,0.0,0.0,0.0,0.0,0,3,0
v3,Q82,25,0.0,0.0,0.0,0.0,0,3,0
v3,Q83,1,0.0,0.0,0.0,0.0,0,3,0
v3,Q83,2,0.0,0.0,0.0,0.0,0,3,0
v3,Q83,3,0.0,0.0,0.0,0.0,0,3,0
v3,Q83,4,0.0,0.0,0.0,0.0,0,3,0
v3,Q83,5,0.0,0.0,0.0,0.0,0,3,0
v3,Q83,6,0.0,0.0,0.0,0.0,0,3,0
v3,Q83,7,0.0,0.0,0.0,0.0,0,3,0
v3,Q83,8,0.0,0.0,0.0,0.0,0,3,0
v3,Q83,9,0.0,0.0,0.0,0.0,0,3,0
v3,Q83,10,0.0,0.0,0.0,0.0,1,3,0
v3,Q83,11,0.0,0.0,0.0,0.0,0,3,0
v3,Q83,12,0.0,0.0,0.0,0.0,0,3,0
v3,Q83,13,0.0,0.0,0.0,0.0,0,3,0
v3,Q83,14,0.0,0.0,0.0,0.0,0,3,0
v3,Q83,15,0.0,0.0,0.0,0.0,0,3,0
v3,Q83,16,0.0,0.0,0.0,0.0,0,3,0
v3,Q83,17,0.0,0.0,0.0,0.0,0,3,0
v3,Q83,18,0.0,0.0,0.0,0.0,0,3,0
v3,Q83,19,0.0,0.0,0.0,0.0,0,3,0
v3,Q83,20,0.0,0.0,0.0,0.0,0,3,0
v3,Q83,21,0.0,0.0,0.0,0.0,0,3,0
v3,Q83,22,0.0,0.0,0.0,0.0,0,3,0
v3,Q83,23,0.0,0.0,0.0,0.0,1,3,0
v3,Q83,24,0.0,0.0,0.0,0.0,0,3,0
v3,Q83,25,0.0,0.0,0.0,0.0,0,3,0
v3,Q84,1,0.0,0.0,0.0,0.0,1,1,0
v3,Q84,2,0.0,0.0,0.0,0.0,1,1,0
v3,Q84,3,0.0,0.0,0.0,0.0,1,1,0
v3,Q84,4,0.0,0.0,0.0,0.0,1,1,0
v3,Q84,5,0.0,0.0,0.0,0.0,1,1,0
v3,Q84,6,0.0,0.0,0.0,0.0,1,1,0
v3,Q84,7,0.0,0.0,0.0,0.0,1,1,0
v3,Q84,8,0.0,0.0,0.0,0.0,1,1,0
v3,Q84,9,0.0,0.0,0.0,0.0,1,1,0
v3,Q84,10,0.0,0.0,0.0,0.0,1,1,0
v3,Q84,11,0.0,0.0,0.0,0.0,1,1,0
v3,Q84,12,0.0,0.0,0.0,0.0,1,1,0
v3,Q84,13,0.0,0.0,0.0,0.0,1,1,0
v3,Q84,14,0.0,0.0,0.0,0.0,1,1,0
v3,Q84,15,0.0,0.0,0.0,0.0,1,1,0
v3,Q84,16,0.0,0.0,0.0,0.0,1,1,0
v3,Q84,17,0.0,0.0,0.0,0.0,1,1,0
v3,Q84,18,0.0,0.0,0.0,0.0,1,1,0
v3,Q84,19,0.0,0.0,0.0,0.0,1,1,0
v3,Q84,20,0.0,0.0,0.0,0.0,1,1,0
v3,Q84,21,0.0,0.0,0.0,0.0,1,1,0
v3,Q84,22,0.0,0.0,0.0,0.0,1,1,0
v3,Q84,23,0.0,0.0,0.0,0.0,1,1,0
v3,Q84,24,0.0,0.0,0.0,0.0,1,1,0
v3,Q84,25,0.0,0.0,0.0,0.0,1,1,0
v3,Q85,1,0.0,0.0,0.0,0.0,1,1,0
v3,Q85,2,0.0,0.0,0.0,0.0,1,1,0
v3,Q85,3,0.0,0.0,0.0,0.0,1,1,0
v3,Q85,4,0.0,0.0,0.0,0.0,0,1,0
v3,Q85,5,0.0,0.0,0.0,0.0,0,1,0
v3,Q85,6,0.0,0.0,0.0,0.0,0,1,0
v3,Q85,7,0.0,0.0,0.0,0.0,0,1,0
v3,Q85,8,0.0,0.0,0.0,0.0,0,1,0
v3,Q85,9,0.0,0.0,0.0,0.0,1,1,0
v3,Q85,10,0.0,0.0,0.0,0.0,1,1,0
v3,Q85,11,0.0,0.0,0.0,0.0,0,1,0
v3,Q85,12,0.0,0.0,0.0,0.0,0,1,0
v3,Q85,13,0.0,0.0,0.0,0.0,0,1,0
v3,Q85,14,0.0,0.0,0.0,0.0,0,1,0
v3,Q85,15,0.0,0.0,0.0,0.0,0,1,0
v3,Q85,16,0.0,0.0,0.0,0.0,0,1,0
v3,Q85,17,0.0,0.0,0.0,0.0,0,1,0
v3,Q85,18,0.0,0.0,0.0,0.0,0,1,0
v3,Q85,19,0.0,0.0,0.0,0.0,0,1,0
v3,Q85,20,0.0,0.0,0.0,0.0,1,1,0
v3,Q85,21,0.0,0.0,0.0,0.0,1,1,0
v3,Q85,22,0.0,0.0,0.0,0.0,0,1,0
v3,Q85,23,0.0,0.0,0.0,0.0,0,1,0
v3,Q85,24,0.0,0.0,0.0,0.0,0,1,0
v3,Q85,25,0.0,0.0,0.0,0.0,0,1,0
v3,Q86,1,0.0,0.0,0.0,0.0,0,1,0
v3,Q86,2,0.0,0.0,0.0,0.0,0,1,0
v3,Q86,3,0.0,0.0,0.0,0.0,0,1,0
v3,Q86,4,0.0,0.0,0.0,0.0,0,1,0
v3,Q86,5,0.0,0.0,0.0,0.0,0,1,0
v3,Q86,6,0.0,0.0,0.0,0.0,0,1,0
v3,Q86,7,0.0,0.0,0.0,0.0,0,1,0
v3,Q86,8,0.0,0.0,0.0,0.0,0,1,0
v3,Q86,9,0.0,0.0,0.0,0.0,0,1,0
v3,Q86,10,0.0,0.0,0.0,0.0,0,1,0
v3,Q86,11,0.0,0.0,0.0,0.0,0,1,0
v3,Q86,12,0.0,0.0,0.0,0.0,0,1,0
v3,Q86,13,0.0,0.0,0.0,0.0,0,1,0
v3,Q86,14,0.0,0.0,0.0,0.0,0,1,0
v3,Q86,15,0.0,0.0,0.0,0.0,0,1,0
v3,Q86,16,0.0,0.0,0.0,0.0,0,1,0
v3,Q86,17,0.0,0.0,0.0,0.0,0,1,0
v3,Q86,18,0.0,0.0,0.0,0.0,0,1,0
v3,Q86,19,0.0,0.0,0.0,0.0,0,1,0
v3,Q86,20,0.0,0.0,0.0,0.0,0,1,0
v3,Q86,21,0.0,0.0,0.0,0.0,0,1,0
v3,Q86,22,0.0,0.0,0.0,0.0,0,1,0
v3,Q86,23,0.0,0.0,0.0,0.0,0,1,0
v3,Q86,24,0.0,0.0,0.0,0.0,0,1,0
v3,Q86,25,0.0,0.0,0.0,0.0,0,1,0
v3,Q87,1,1.0,0.2,0.33333333333333337,0.2,1,5,1
v3,Q87,2,1.0,0.2,0.33333333333333337,0.2,1,5,1
v3,Q87,3,1.0,0.2,0.33333333333333337,0.2,1,5,1
v3,Q87,4,0.0,0.0,0.0,0.0,1,5,0
v3,Q87,5,1.0,0.2,0.33333333333333337,0.2,1,5,1
v3,Q87,6,1.0,0.2,0.33333333333333337,0.2,1,5,1
v3,Q87,7,1.0,0.2,0.33333333333333337,0.2,1,5,1
v3,Q87,8,1.0,0.2,0.33333333333333337,0.2,1,5,1
v3,Q87,9,1.0,0.2,0.33333333333333337,0.2,1,5,1
v3,Q87,10,1.0,0.2,0.33333333333333337,0.2,1,5,1
v3,Q87,11,1.0,0.2,0.33333333333333337,0.2,1,5,1
v3,Q87,12,1.0,0.2,0.33333333333333337,0.2,1,5,1
v3,Q87,13,1.0,0.2,0.33333333333333337,0.2,1,5,1
v3,Q87,14,1.0,0.2,0.33333333333333337,0.2,1,5,1
v3,Q87,15,0.0,0.0,0.0,0.0,1,5,0
v3,Q87,16,1.0,0.2,0.33333333333333337,0.2,1,5,1
v3,Q87,17,0.0,0.0,0.0,0.0,1,5,0
v3,Q87,18,1.0,0.2,0.33333333333333337,0.2,1,5,1
v3,Q87,19,0.5,0.2,0.28571428571428575,0.16666666666666666,2,5,1
v3,Q87,20,1.0,0.2,0.33333333333333337,0.2,1,5,1
v3,Q87,21,1.0,0.2,0.33333333333333337,0.2,1,5,1
v3,Q87,22,1.0,0.2,0.33333333333333337,0.2,1,5,1
v3,Q87,23,1.0,0.2,0.33333333333333337,0.2,1,5,1
v3,Q87,24,1.0,0.2,0.33333333333333337,0.2,1,5,1
v3,Q87,25,0.0,0.0,0.0,0.0,1,5,0
v3,Q88,1,0.0,0.0,0.0,0.0,0,3,0
v3,Q88,2,0.0,0.0,0.0,0.0,0,3,0
v3,Q88,3,0.0,0.0,0.0,0.0,0,3,0
v3,Q88,4,0.0,0.0,0.0,0.0,0,3,0
v3,Q88,5,0.0,0.0,0.0,0.0,0,3,0
v3,Q88,6,0.0,0.0,0.0,0.0,0,3,0
v3,Q88,7,0.0,0.0,0.0,0.0,0,3,0
v3,Q88,8,0.0,0.0,0.0,0.0,0,3,0
v3,Q88,9,0.0,0.0,0.0,0.0,0,3,0
v3,Q88,10,0.0,0.0,0.0,0.0,0,3,0
v3,Q88,11,0.0,0.0,0.0,0.0,0,3,0
v3,Q88,12,0.0,0.0,0.0,0.0,0,3,0
v3,Q88,13,0.0,0.0,0.0,0.0,0,3,0
v3,Q88,14,0.0,0.0,0.0,0.0,0,3,0
v3,Q88,15,0.0,0.0,0.0,0.0,0,3,0
v3,Q88,16,0.0,0.0,0.0,0.0,0,3,0
v3,Q88,17,0.0,0.0,0.0,0.0,0,3,0
v3,Q88,18,0.0,0.0,0.0,0.0,0,3,0
v3,Q88,19,0.0,0.0,0.0,0.0,0,3,0
v3,Q88,20,0.0,0.0,0.0,0.0,0,3,0
v3,Q88,21,0.0,0.0,0.0,0.0,0,3,0
v3,Q88,22,0.0,0.0,0.0,0.0,0,3,0
v3,Q88,23,0.0,0.0,0.0,0.0,1,3,0
v3,Q88,24,0.0,0.0,0.0,0.0,0,3,0
v3,Q88,25,0.0,0.0,0.0,0.0,0,3,0
v3,Q89,1,0.0,0.0,0.0,0.0,0,3,0
v3,Q89,2,0.0,0.0,0.0,0.0,0,3,0
v3,Q89,3,0.0,0.0,0.0,0.0,0,3,0
v3,Q89,4,0.0,0.0,0.0,0.0,0,3,0
v3,Q89,5,0.0,0.0,0.0,0.0,0,3,0
v3,Q89,6,0.0,0.0,0.0,0.0,0,3,0
v3,Q89,7,0.0,0.0,0.0,0.0,1,3,0
v3,Q89,8,0.0,0.0,0.0,0.0,0,3,0
v3,Q89,9,0.0,0.0,0.0,0.0,1,3,0
v3,Q89,10,0.0,0.0,0.0,0.0,1,3,0
v3,Q89,11,0.0,0.0,0.0,0.0,0,3,0
v3,Q89,12,0.0,0.0,0.0,0.0,0,3,0
v3,Q89,13,0.0,0.0,0.0,0.0,1,3,0
v3,Q89,14,0.0,0.0,0.0,0.0,0,3,0
v3,Q89,15,0.0,0.0,0.0,0.0,1,3,0
v3,Q89,16,0.0,0.0,0.0,0.0,0,3,0
v3,Q89,17,0.0,0.0,0.0,0.0,1,3,0
v3,Q89,18,0.0,0.0,0.0,0.0,1,3,0
v3,Q89,19,0.0,0.0,0.0,0.0,0,3,0
v3,Q89,20,0.0,0.0,0.0,0.0,1,3,0
v3,Q89,21,0.0,0.0,0.0,0.0,0,3,0
v3,Q89,22,0.0,0.0,0.0,0.0,1,3,0
v3,Q89,23,0.0,0.0,0.0,0.0,1,3,0
v3,Q89,24,0.0,0.0,0.0,0.0,1,3,0
v3,Q89,25,0.0,0.0,0.0,0.0,0,3,0
v3,Q9,1,0.0,0.0,0.0,0.0,1,4,0
v3,Q9,2,0.0,0.0,0.0,0.0,0,4,0
v3,Q9,3,0.0,0.0,0.0,0.0,1,4,0
v3,Q9,4,0.0,0.0,0.0,0.0,0,4,0
v3,Q9,5,0.0,0.0,0.0,0.0,1,4,0
v3,Q9,6,0.0,0.0,0.0,0.0,0,4,0
v3,Q9,7,0.0,0.0,0.0,0.0,1,4,0
v3,Q9,8,0.0,0.0,0.0,0.0,1,4,0
v3,Q9,9,0.0,0.0,0.0,0.0,0,4,0
v3,Q9,10,0.0,0.0,0.0,0.0,0,4,0
v3,Q9,11,0.0,0.0,0.0,0.0,1,4,0
v3,Q9,12,0.0,0.0,0.0,0.0,1,4,0
v3,Q9,13,0.0,0.0,0.0,0.0,0,4,0
v3,Q9,14,0.0,0.0,0.0,0.0,0,4,0
v3,Q9,15,0.0,0.0,0.0,0.0,0,4,0
v3,Q9,16,0.0,0.0,0.0,0.0,1,4,0
v3,Q9,17,0.0,0.0,0.0,0.0,0,4,0
v3,Q9,18,0.0,0.0,0.0,0.0,1,4,0
v3,Q9,19,0.0,0.0,0.0,0.0,0,4,0
v3,Q9,20,0.0,0.0,0.0,0.0,0,4,0
v3,Q9,21,0.0,0.0,0.0,0.0,0,4,0
v3,Q9,22,0.0,0.0,0.0,0.0,0,4,0
v3,Q9,23,0.0,0.0,0.0,0.0,1,4,0
v3,Q9,24,0.0,0.0,0.0,0.0,0,4,0
v3,Q9,25,0.0,0.0,0.0,0.0,1,4,0
v3,Q90,1,0.0,0.0,0.0,0.0,0,3,0
v3,Q90,2,0.0,0.0,0.0,0.0,0,3,0
v3,Q90,3,0.0,0.0,0.0,0.0,0,3,0
v3,Q90,4,0.0,0.0,0.0,0.0,0,3,0
v3,Q90,5,0.0,0.0,0.0,0.0,0,3,0
v3,Q90,6,0.0,0.0,0.0,0.0,0,3,0
v3,Q90,7,0.0,0.0,0.0,0.0,0,3,0
v3,Q90,8,0.0,0.0,0.0,0.0,0,3,0
v3,Q90,9,0.0,0.0,0.0,0.0,1,3,0
v3,Q90,10,0.0,0.0,0.0,0.0,0,3,0
v3,Q90,11,0.0,0.0,0.0,0.0,0,3,0
v3,Q90,12,0.0,0.0,0.0,0.0,0,3,0
v3,Q90,13,0.0,0.0,0.0,0.0,1,3,0
v3,Q90,14,0.0,0.0,0.0,0.0,0,3,0
v3,Q90,15,0.0,0.0,0.0,0.0,0,3,0
v3,Q90,16,0.0,0.0,0.0,0.0,0,3,0
v3,Q90,17,0.0,0.0,0.0,0.0,0,3,0
v3,Q90,18,0.0,0.0,0.0,0.0,0,3,0
v3,Q90,19,0.0,0.0,0.0,0.0,0,3,0
v3,Q90,20,0.0,0.0,0.0,0.0,0,3,0
v3,Q90,21,0.0,0.0,0.0,0.0,0,3,0
v3,Q90,22,0.0,0.0,0.0,0.0,0,3,0
v3,Q90,23,0.0,0.0,0.0,0.0,0,3,0
v3,Q90,24,0.0,0.0,0.0,0.0,0,3,0
v3,Q90,25,0.0,0.0,0.0,0.0,0,3,0
v3,Q91,1,0.0,0.0,0.0,0.0,0,2,0
v3,Q91,2,0.0,0.0,0.0,0.0,0,2,0
v3,Q91,3,0.0,0.0,0.0,0.0,0,2,0
v3,Q91,4,0.0,0.0,0.0,0.0,0,2,0
v3,Q91,5,0.0,0.0,0.0,0.0,0,2,0
v3,Q91,6,0.0,0.0,0.0,0.0,0,2,0
v3,Q91,7,0.0,0.0,0.0,0.0,0,2,0
v3,Q91,8,0.0,0.0,0.0,0.0,0,2,0
v3,Q91,9,0.0,0.0,0.0,0.0,0,2,0
v3,Q91,10,0.0,0.0,0.0,0.0,0,2,0
v3,Q91,11,0.0,0.0,0.0,0.0,0,2,0
v3,Q91,12,0.0,0.0,0.0,0.0,0,2,0
v3,Q91,13,0.0,0.0,0.0,0.0,0,2,0
v3,Q91,14,0.0,0.0,0.0,0.0,0,2,0
v3,Q91,15,0.0,0.0,0.0,0.0,0,2,0
v3,Q91,16,0.0,0.0,0.0,0.0,0,2,0
v3,Q91,17,0.0,0.0,0.0,0.0,0,2,0
v3,Q91,18,0.0,0.0,0.0,0.0,0,2,0
v3,Q91,19,0.0,0.0,0.0,0.0,0,2,0
v3,Q91,20,0.0,0.0,0.0,0.0,0,2,0
v3,Q91,21,0.0,0.0,0.0,0.0,0,2,0
v3,Q91,22,0.0,0.0,0.0,0.0,0,2,0
v3,Q91,23,0.0,0.0,0.0,0.0,0,2,0
v3,Q91,24,0.0,0.0,0.0,0.0,0,2,0
v3,Q91,25,0.0,0.0,0.0,0.0,0,2,0
v3,Q92,1,0.0,0.0,0.0,0.0,0,5,0
v3,Q92,2,0.0,0.0,0.0,0.0,0,5,0
v3,Q92,3,0.0,0.0,0.0,0.0,0,5,0
v3,Q92,4,0.0,0.0,0.0,0.0,0,5,0
v3,Q92,5,0.0,0.0,0.0,0.0,0,5,0
v3,Q92,6,0.0,0.0,0.0,0.0,0,5,0
v3,Q92,7,0.0,0.0,0.0,0.0,0,5,0
v3,Q92,8,0.0,0.0,0.0,0.0,0,5,0
v3,Q92,9,0.0,0.0,0.0,0.0,0,5,0
v3,Q92,10,0.0,0.0,0.0,0.0,0,5,0
v3,Q92,11,0.0,0.0,0.0,0.0,0,5,0
v3,Q92,12,0.0,0.0,0.0,0.0,0,5,0
v3,Q92,13,0.0,0.0,0.0,0.0,0,5,0
v3,Q92,14,0.0,0.0,0.0,0.0,0,5,0
v3,Q92,15,0.0,0.0,0.0,0.0,0,5,0
v3,Q92,16,0.0,0.0,0.0,0.0,0,5,0
v3,Q92,17,0.0,0.0,0.0,0.0,0,5,0
v3,Q92,18,0.0,0.0,0.0,0.0,0,5,0
v3,Q92,19,0.0,0.0,0.0,0.0,0,5,0
v3,Q92,20,0.0,0.0,0.0,0.0,0,5,0
v3,Q92,21,0.0,0.0,0.0,0.0,0,5,0
v3,Q92,22,0.0,0.0,0.0,0.0,0,5,0
v3,Q92,23,0.0,0.0,0.0,0.0,0,5,0
v3,Q92,24,0.0,0.0,0.0,0.0,0,5,0
v3,Q92,25,0.0,0.0,0.0,0.0,0,5,0
v3,Q93,1,0.0,0.0,0.0,0.0,0,5,0
v3,Q93,2,0.0,0.0,0.0,0.0,0,5,0
v3,Q93,3,0.0,0.0,0.0,0.0,0,5,0
v3,Q93,4,0.0,0.0,0.0,0.0,0,5,0
v3,Q93,5,0.0,0.0,0.0,0.0,0,5,0
v3,Q93,6,0.0,0.0,0.0,0.0,0,5,0
v3,Q93,7,0.0,0.0,0.0,0.0,0,5,0
v3,Q93,8,0.0,0.0,0.0,0.0,0,5,0
v3,Q93,9,0.0,0.0,0.0,0.0,0,5,0
v3,Q93,10,0.0,0.0,0.0,0.0,0,5,0
v3,Q93,11,0.0,0.0,0.0,0.0,0,5,0
v3,Q93,12,0.0,0.0,0.0,0.0,0,5,0
v3,Q93,13,0.0,0.0,0.0,0.0,0,5,0
v3,Q93,14,0.0,0.0,0.0,0.0,0,5,0
v3,Q93,15,0.0,0.0,0.0,0.0,0,5,0
v3,Q93,16,0.0,0.0,0.0,0.0,0,5,0
v3,Q93,17,0.0,0.0,0.0,0.0,0,5,0
v3,Q93,18,0.0,0.0,0.0,0.0,0,5,0
v3,Q93,19,0.0,0.0,0.0,0.0,0,5,0
v3,Q93,20,0.0,0.0,0.0,0.0,0,5,0
v3,Q93,21,0.0,0.0,0.0,0.0,0,5,0
v3,Q93,22,0.0,0.0,0.0,0.0,0,5,0
v3,Q93,23,0.0,0.0,0.0,0.0,0,5,0
v3,Q93,24,0.0,0.0,0.0,0.0,0,5,0
v3,Q93,25,0.0,0.0,0.0,0.0,0,5,0
v3,Q94,1,0.0,0.0,0.0,0.0,0,3,0
v3,Q94,2,0.0,0.0,0.0,0.0,0,3,0
v3,Q94,3,0.0,0.0,0.0,0.0,0,3,0
v3,Q94,4,0.0,0.0,0.0,0.0,0,3,0
v3,Q94,5,0.0,0.0,0.0,0.0,0,3,0
v3,Q94,6,0.0,0.0,0.0,0.0,0,3,0
v3,Q94,7,0.0,0.0,0.0,0.0,0,3,0
v3,Q94,8,0.0,0.0,0.0,0.0,0,3,0
v3,Q94,9,0.0,0.0,0.0,0.0,0,3,0
v3,Q94,10,0.0,0.0,0.0,0.0,0,3,0
v3,Q94,11,0.0,0.0,0.0,0.0,0,3,0
v3,Q94,12,0.0,0.0,0.0,0.0,0,3,0
v3,Q94,13,0.0,0.0,0.0,0.0,0,3,0
v3,Q94,14,0.0,0.0,0.0,0.0,0,3,0
v3,Q94,15,0.0,0.0,0.0,0.0,0,3,0
v3,Q94,16,0.0,0.0,0.0,0.0,0,3,0
v3,Q94,17,1.0,0.3333333333333333,0.5,0.3333333333333333,1,3,1
v3,Q94,18,0.0,0.0,0.0,0.0,0,3,0
v3,Q94,19,0.0,0.0,0.0,0.0,0,3,0
v3,Q94,20,0.0,0.0,0.0,0.0,0,3,0
v3,Q94,21,0.0,0.0,0.0,0.0,0,3,0
v3,Q94,22,0.0,0.0,0.0,0.0,0,3,0
v3,Q94,23,0.0,0.0,0.0,0.0,0,3,0
v3,Q94,24,0.0,0.0,0.0,0.0,0,3,0
v3,Q94,25,0.0,0.0,0.0,0.0,0,3,0
v3,Q95,1,0.0,0.0,0.0,0.0,0,7,0
v3,Q95,2,0.0,0.0,0.0,0.0,0,7,0
v3,Q95,3,0.0,0.0,0.0,0.0,0,7,0
v3,Q95,4,0.0,0.0,0.0,0.0,0,7,0
v3,Q95,5,0.0,0.0,0.0,0.0,0,7,0
v3,Q95,6,0.0,0.0,0.0,0.0,0,7,0
v3,Q95,7,0.0,0.0,0.0,0.0,0,7,0
v3,Q95,8,0.0,0.0,0.0,0.0,0,7,0
v3,Q95,9,0.0,0.0,0.0,0.0,0,7,0
v3,Q95,10,0.0,0.0,0.0,0.0,0,7,0
v3,Q95,11,0.0,0.0,0.0,0.0,0,7,0
v3,Q95,12,0.0,0.0,0.0,0.0,0,7,0
v3,Q95,13,0.0,0.0,0.0,0.0,0,7,0
v3,Q95,14,0.0,0.0,0.0,0.0,0,7,0
v3,Q95,15,0.0,0.0,0.0,0.0,0,7,0
v3,Q95,16,0.0,0.0,0.0,0.0,0,7,0
v3,Q95,17,0.0,0.0,0.0,0.0,0,7,0
v3,Q95,18,0.0,0.0,0.0,0.0,0,7,0
v3,Q95,19,0.0,0.0,0.0,0.0,0,7,0
v3,Q95,20,0.0,0.0,0.0,0.0,0,7,0
v3,Q95,21,0.0,0.0,0.0,0.0,0,7,0
v3,Q95,22,0.0,0.0,0.0,0.0,0,7,0
v3,Q95,23,0.0,0.0,0.0,0.0,0,7,0
v3,Q95,24,0.0,0.0,0.0,0.0,0,7,0
v3,Q95,25,0.0,0.0,0.0,0.0,0,7,0
v3,Q96,1,0.0,0.0,0.0,0.0,0,8,0
v3,Q96,2,0.0,0.0,0.0,0.0,0,8,0
v3,Q96,3,0.0,0.0,0.0,0.0,0,8,0
v3,Q96,4,0.0,0.0,0.0,0.0,0,8,0
v3,Q96,5,0.0,0.0,0.0,0.0,0,8,0
v3,Q96,6,0.0,0.0,0.0,0.0,0,8,0
v3,Q96,7,0.0,0.0,0.0,0.0,0,8,0
v3,Q96,8,0.0,0.0,0.0,0.0,0,8,0
v3,Q96,9,0.0,0.0,0.0,0.0,0,8,0
v3,Q96,10,0.0,0.0,0.0,0.0,0,8,0
v3,Q96,11,0.0,0.0,0.0,0.0,0,8,0
v3,Q96,12,0.0,0.0,0.0,0.0,0,8,0
v3,Q96,13,0.0,0.0,0.0,0.0,0,8,0
v3,Q96,14,0.0,0.0,0.0,0.0,0,8,0
v3,Q96,15,0.0,0.0,0.0,0.0,0,8,0
v3,Q96,16,0.0,0.0,0.0,0.0,0,8,0
v3,Q96,17,0.0,0.0,0.0,0.0,0,8,0
v3,Q96,18,0.0,0.0,0.0,0.0,0,8,0
v3,Q96,19,0.0,0.0,0.0,0.0,0,8,0
v3,Q96,20,0.0,0.0,0.0,0.0,0,8,0
v3,Q96,21,0.0,0.0,0.0,0.0,0,8,0
v3,Q96,22,0.0,0.0,0.0,0.0,0,8,0
v3,Q96,23,0.0,0.0,0.0,0.0,0,8,0
v3,Q96,24,0.0,0.0,0.0,0.0,0,8,0
v3,Q96,25,0.0,0.0,0.0,0.0,0,8,0
v3,Q97,1,0.0,0.0,0.0,0.0,0,5,0
v3,Q97,2,0.0,0.0,0.0,0.0,0,5,0
v3,Q97,3,0.0,0.0,0.0,0.0,0,5,0
v3,Q97,4,0.0,0.0,0.0,0.0,0,5,0
v3,Q97,5,0.0,0.0,0.0,0.0,0,5,0
v3,Q97,6,0.0,0.0,0.0,0.0,0,5,0
v3,Q97,7,0.0,0.0,0.0,0.0,0,5,0
v3,Q97,8,0.0,0.0,0.0,0.0,0,5,0
v3,Q97,9,0.0,0.0,0.0,0.0,0,5,0
v3,Q97,10,0.0,0.0,0.0,0.0,0,5,0
v3,Q97,11,0.0,0.0,0.0,0.0,0,5,0
v3,Q97,12,0.0,0.0,0.0,0.0,0,5,0
v3,Q97,13,0.0,0.0,0.0,0.0,0,5,0
v3,Q97,14,0.0,0.0,0.0,0.0,0,5,0
v3,Q97,15,0.0,0.0,0.0,0.0,0,5,0
v3,Q97,16,0.0,0.0,0.0,0.0,0,5,0
v3,Q97,17,0.0,0.0,0.0,0.0,0,5,0
v3,Q97,18,0.0,0.0,0.0,0.0,0,5,0
v3,Q97,19,0.0,0.0,0.0,0.0,0,5,0
v3,Q97,20,0.0,0.0,0.0,0.0,0,5,0
v3,Q97,21,0.0,0.0,0.0,0.0,0,5,0
v3,Q97,22,0.0,0.0,0.0,0.0,0,5,0
v3,Q97,23,0.0,0.0,0.0,0.0,0,5,0
v3,Q97,24,0.0,0.0,0.0,0.0,0,5,0
v3,Q97,25,0.0,0.0,0.0,0.0,0,5,0
v3,Q98,1,0.0,0.0,0.0,0.0,0,1,0
v3,Q98,2,0.0,0.0,0.0,0.0,0,1,0
v3,Q98,3,0.0,0.0,0.0,0.0,0,1,0
v3,Q98,4,0.0,0.0,0.0,0.0,0,1,0
v3,Q98,5,0.0,0.0,0.0,0.0,0,1,0
v3,Q98,6,0.0,0.0,0.0,0.0,0,1,0
v3,Q98,7,0.0,0.0,0.0,0.0,0,1,0
v3,Q98,8,0.0,0.0,0.0,0.0,0,1,0
v3,Q98,9,0.0,0.0,0.0,0.0,0,1,0
v3,Q98,10,0.0,0.0,0.0,0.0,0,1,0
v3,Q98,11,0.0,0.0,0.0,0.0,0,1,0
v3,Q98,12,0.0,0.0,0.0,0.0,0,1,0
v3,Q98,13,0.0,0.0,0.0,0.0,0,1,0
v3,Q98,14,0.0,0.0,0.0,0.0,0,1,0
v3,Q98,15,0.0,0.0,0.0,0.0,0,1,0
v3,Q98,16,0.0,0.0,0.0,0.0,0,1,0
v3,Q98,17,0.0,0.0,0.0,0.0,0,1,0
v3,Q98,18,0.0,0.0,0.0,0.0,0,1,0
v3,Q98,19,0.0,0.0,0.0,0.0,0,1,0
v3,Q98,20,0.0,0.0,0.0,0.0,0,1,0
v3,Q98,21,0.0,0.0,0.0,0.0,0,1,0
v3,Q98,22,0.0,0.0,0.0,0.0,0,1,0
v3,Q98,23,0.0,0.0,0.0,0.0,0,1,0
v3,Q98,24,0.0,0.0,0.0,0.0,0,1,0
v3,Q98,25,0.0,0.0,0.0,0.0,0,1,0
v3,Q99,1,0.0,0.0,0.0,0.0,0,5,0
v3,Q99,2,0.0,0.0,0.0,0.0,0,5,0
v3,Q99,3,0.0,0.0,0.0,0.0,0,5,0
v3,Q99,4,0.0,0.0,0.0,0.0,0,5,0
v3,Q99,5,0.0,0.0,0.0,0.0,0,5,0
v3,Q99,6,0.0,0.0,0.0,0.0,0,5,0
v3,Q99,7,0.0,0.0,0.0,0.0,0,5,0
v3,Q99,8,0.0,0.0,0.0,0.0,0,5,0
v3,Q99,9,0.0,0.0,0.0,0.0,0,5,0
v3,Q99,10,0.0,0.0,0.0,0.0,0,5,0
v3,Q99,11,0.0,0.0,0.0,0.0,0,5,0
v3,Q99,12,0.0,0.0,0.0,0.0,0,5,0
v3,Q99,13,0.0,0.0,0.0,0.0,0,5,0
v3,Q99,14,0.0,0.0,0.0,0.0,0,5,0
v3,Q99,15,0.0,0.0,0.0,0.0,0,5,0
v3,Q99,16,0.0,0.0,0.0,0.0,0,5,0
v3,Q99,17,0.0,0.0,0.0,0.0,0,5,0
v3,Q99,18,0.0,0.0,0.0,0.0,0,5,0
v3,Q99,19,0.0,0.0,0.0,0.0,0,5,0
v3,Q99,20,0.0,0.0,0.0,0.0,0,5,0
v3,Q99,21,0.0,0.0,0.0,0.0,0,5,0
v3,Q99,22,0.0,0.0,0.0,0.0,0,5,0
v3,Q99,23,0.0,0.0,0.0,0.0,0,5,0
v3,Q99,24,0.0,0.0,0.0,0.0,0,5,0
v3,Q99,25,0.0,0.0,0.0,0.0,0,5,0
v4,Q1,1,0.0,0.0,0.0,0.0,1,2,0
v4,Q1,2,0.0,0.0,0.0,0.0,1,2,0
v4,Q1,3,0.0,0.0,0.0,0.0,1,2,0
v4,Q1,4,0.0,0.0,0.0,0.0,1,2,0
v4,Q1,5,0.0,0.0,0.0,0.0,1,2,0
v4,Q1,6,0.0,0.0,0.0,0.0,1,2,0
v4,Q1,7,0.0,0.0,0.0,0.0,1,2,0
v4,Q1,8,0.0,0.0,0.0,0.0,1,2,0
v4,Q1,9,0.0,0.0,0.0,0.0,1,2,0
v4,Q1,10,0.0,0.0,0.0,0.0,1,2,0
v4,Q1,11,0.0,0.0,0.0,0.0,1,2,0
v4,Q1,12,0.0,0.0,0.0,0.0,1,2,0
v4,Q1,13,0.0,0.0,0.0,0.0,1,2,0
v4,Q1,14,0.0,0.0,0.0,0.0,1,2,0
v4,Q1,15,0.0,0.0,0.0,0.0,1,2,0
v4,Q1,16,0.0,0.0,0.0,0.0,1,2,0
v4,Q1,17,0.0,0.0,0.0,0.0,1,2,0
v4,Q1,18,0.0,0.0,0.0,0.0,1,2,0
v4,Q1,19,0.0,0.0,0.0,0.0,1,2,0
v4,Q1,20,0.0,0.0,0.0,0.0,1,2,0
v4,Q1,21,0.0,0.0,0.0,0.0,1,2,0
v4,Q1,22,0.0,0.0,0.0,0.0,1,2,0
v4,Q1,23,0.0,0.0,0.0,0.0,1,2,0
v4,Q1,24,0.0,0.0,0.0,0.0,1,2,0
v4,Q1,25,0.0,0.0,0.0,0.0,1,2,0
v4,Q10,1,0.0,0.0,0.0,0.0,0,1,0
v4,Q10,2,0.0,0.0,0.0,0.0,0,1,0
v4,Q10,3,0.0,0.0,0.0,0.0,0,1,0
v4,Q10,4,0.0,0.0,0.0,0.0,0,1,0
v4,Q10,5,0.0,0.0,0.0,0.0,0,1,0
v4,Q10,6,0.0,0.0,0.0,0.0,0,1,0
v4,Q10,7,0.0,0.0,0.0,0.0,0,1,0
v4,Q10,8,0.0,0.0,0.0,0.0,0,1,0
v4,Q10,9,0.0,0.0,0.0,0.0,0,1,0
v4,Q10,10,0.0,0.0,0.0,0.0,0,1,0
v4,Q10,11,0.0,0.0,0.0,0.0,0,1,0
v4,Q10,12,0.0,0.0,0.0,0.0,0,1,0
v4,Q10,13,0.0,0.0,0.0,0.0,0,1,0
v4,Q10,14,0.0,0.0,0.0,0.0,0,1,0
v4,Q10,15,0.0,0.0,0.0,0.0,0,1,0
v4,Q10,16,0.0,0.0,0.0,0.0,0,1,0
v4,Q10,17,0.0,0.0,0.0,0.0,0,1,0
v4,Q10,18,0.0,0.0,0.0,0.0,0,1,0
v4,Q10,19,0.0,0.0,0.0,0.0,0,1,0
v4,Q10,20,0.0,0.0,0.0,0.0,0,1,0
v4,Q10,21,0.0,0.0,0.0,0.0,0,1,0
v4,Q10,22,0.0,0.0,0.0,0.0,0,1,0
v4,Q10,23,0.0,0.0,0.0,0.0,0,1,0
v4,Q10,24,0.0,0.0,0.0,0.0,0,1,0
v4,Q10,25,0.0,0.0,0.0,0.0,0,1,0
v4,Q100,1,1.0,0.3333333333333333,0.5,0.3333333333333333,1,3,1
v4,Q100,2,0.0,0.0,0.0,0.0,0,3,0
v4,Q100,3,1.0,0.3333333333333333,0.5,0.3333333333333333,1,3,1
v4,Q100,4,0.0,0.0,0.0,0.0,0,3,0
v4,Q100,5,0.0,0.0,0.0,0.0,0,3,0
v4,Q100,6,0.0,0.0,0.0,0.0,0,3,0
v4,Q100,7,0.0,0.0,0.0,0.0,0,3,0
v4,Q100,8,0.0,0.0,0.0,0.0,0,3,0
v4,Q100,9,0.0,0.0,0.0,0.0,0,3,0
v4,Q100,10,1.0,0.3333333333333333,0.5,0.3333333333333333,1,3,1
v4,Q100,11,0.0,0.0,0.0,0.0,1,3,0
v4,Q100,12,1.0,0.3333333333333333,0.5,0.3333333333333333,1,3,1
v4,Q100,13,0.0,0.0,0.0,0.0,0,3,0
v4,Q100,14,0.0,0.0,0.0,0.0,0,3,0
v4,Q100,15,0.0,0.0,0.0,0.0,0,3,0
v4,Q100,16,0.0,0.0,0.0,0.0,0,3,0
v4,Q100,17,0.0,0.0,0.0,0.0,0,3,0
v4,Q100,18,0.0,0.0,0.0,0.0,0,3,0
v4,Q100,19,0.0,0.0,0.0,0.0,0,3,0
v4,Q100,20,0.0,0.0,0.0,0.0,0,3,0
v4,Q100,21,0.0,0.0,0.0,0.0,0,3,0
v4,Q100,22,0.0,0.0,0.0,0.0,0,3,0
v4,Q100,23,0.0,0.0,0.0,0.0,0,3,0
v4,Q100,24,1.0,0.3333333333333333,0.5,0.3333333333333333,1,3,1
v4,Q100,25,1.0,0.3333333333333333,0.5,0.3333333333333333,1,3,1
v4,Q101,1,0.0,0.0,0.0,0.0,0,8,0
v4,Q101,2,0.0,0.0,0.0,0.0,0,8,0
v4,Q101,3,0.0,0.0,0.0,0.0,0,8,0
v4,Q101,4,0.0,0.0,0.0,0.0,0,8,0
v4,Q101,5,0.0,0.0,0.0,0.0,0,8,0
v4,Q101,6,0.0,0.0,0.0,0.0,0,8,0
v4,Q101,7,0.0,0.0,0.0,0.0,0,8,0
v4,Q101,8,0.0,0.0,0.0,0.0,0,8,0
v4,Q101,9,0.0,0.0,0.0,0.0,0,8,0
v4,Q101,10,0.0,0.0,0.0,0.0,0,8,0
v4,Q101,11,0.0,0.0,0.0,0.0,0,8,0
v4,Q101,12,0.0,0.0,0.0,0.0,0,8,0
v4,Q101,13,0.0,0.0,0.0,0.0,0,8,0
v4,Q101,14,0.0,0.0,0.0,0.0,0,8,0
v4,Q101,15,0.0,0.0,0.0,0.0,0,8,0
v4,Q101,16,0.0,0.0,0.0,0.0,0,8,0
v4,Q101,17,0.0,0.0,0.0,0.0,0,8,0
v4,Q101,18,0.0,0.0,0.0,0.0,0,8,0
v4,Q101,19,0.0,0.0,0.0,0.0,0,8,0
v4,Q101,20,0.0,0.0,0.0,0.0,0,8,0
v4,Q101,21,0.0,0.0,0.0,0.0,0,8,0
v4,Q101,22,0.0,0.0,0.0,0.0,0,8,0
v4,Q101,23,0.0,0.0,0.0,0.0,0,8,0
v4,Q101,24,0.0,0.0,0.0,0.0,0,8,0
v4,Q101,25,0.0,0.0,0.0,0.0,0,8,0
v4,Q102,1,0.0,0.0,0.0,0.0,0,5,0
v4,Q102,2,0.0,0.0,0.0,0.0,1,5,0
v4,Q102,3,0.0,0.0,0.0,0.0,1,5,0
v4,Q102,4,0.0,0.0,0.0,0.0,1,5,0
v4,Q102,5,0.0,0.0,0.0,0.0,0,5,0
v4,Q102,6,0.0,0.0,0.0,0.0,1,5,0
v4,Q102,7,0.0,0.0,0.0,0.0,1,5,0
v4,Q102,8,0.0,0.0,0.0,0.0,1,5,0
v4,Q102,9,0.0,0.0,0.0,0.0,1,5,0
v4,Q102,10,0.0,0.0,0.0,0.0,0,5,0
v4,Q102,11,0.0,0.0,0.0,0.0,1,5,0
v4,Q102,12,0.0,0.0,0.0,0.0,1,5,0
v4,Q102,13,1.0,0.2,0.33333333333333337,0.2,1,5,1
v4,Q102,14,0.0,0.0,0.0,0.0,1,5,0
v4,Q102,15,0.0,0.0,0.0,0.0,1,5,0
v4,Q102,16,0.0,0.0,0.0,0.0,0,5,0
v4,Q102,17,0.0,0.0,0.0,0.0,1,5,0
v4,Q102,18,0.0,0.0,0.0,0.0,1,5,0
v4,Q102,19,0.0,0.0,0.0,0.0,1,5,0
v4,Q102,20,0.0,0.0,0.0,0.0,0,5,0
v4,Q102,21,1.0,0.2,0.33333333333333337,0.2,1,5,1
v4,Q102,22,0.0,0.0,0.0,0.0,1,5,0
v4,Q102,23,0.0,0.0,0.0,0.0,1,5,0
v4,Q102,24,0.0,0.0,0.0,0.0,0,5,0
v4,Q102,25,0.0,0.0,0.0,0.0,1,5,0
v4,Q103,1,0.0,0.0,0.0,0.0,0,8,0
v4,Q103,2,0.0,0.0,0.0,0.0,0,8,0
v4,Q103,3,0.0,0.0,0.0,0.0,0,8,0
v4,Q103,4,0.0,0.0,0.0,0.0,0,8,0
v4,Q103,5,0.0,0.0,0.0,0.0,0,8,0
v4,Q103,6,0.0,0.0,0.0,0.0,0,8,0
v4,Q103,7,0.0,0.0,0.0,0.0,0,8,0
v4,Q103,8,0.0,0.0,0.0,0.0,0,8,0
v4,Q103,9,0.0,0.0,0.0,0.0,0,8,0
v4,Q103,10,0.0,0.0,0.0,0.0,0,8,0
v4,Q103,11,0.0,0.0,0.0,0.0,0,8,0
v4,Q103,12,0.0,0.0,0.0,0.0,0,8,0
v4,Q103,13,0.0,0.0,0.0,0.0,0,8,0
v4,Q103,14,0.0,0.0,0.0,0.0,0,8,0
v4,Q103,15,0.0,0.0,0.0,0.0,0,8,0
v4,Q103,16,0.0,0.0,0.0,0.0,0,8,0
v4,Q103,17,0.0,0.0,0.0,0.0,0,8,0
v4,Q103,18,0.0,0.0,0.0,0.0,0,8,0
v4,Q103,19,0.0,0.0,0.0,0.0,0,8,0
v4,Q103,20,0.0,0.0,0.0,0.0,0,8,0
v4,Q103,21,0.0,0.0,0.0,0.0,0,8,0
v4,Q103,22,0.0,0.0,0.0,0.0,0,8,0
v4,Q103,23,0.0,0.0,0.0,0.0,0,8,0
v4,Q103,24,0.0,0.0,0.0,0.0,0,8,0
v4,Q103,25,0.0,0.0,0.0,0.0,0,8,0
v4,Q104,1,1.0,0.14285714285714285,0.25,0.14285714285714285,1,7,1
v4,Q104,2,1.0,0.14285714285714285,0.25,0.14285714285714285,1,7,1
v4,Q104,3,0.0,0.0,0.0,0.0,0,7,0
v4,Q104,4,0.0,0.0,0.0,0.0,0,7,0
v4,Q104,5,0.0,0.0,0.0,0.0,0,7,0
v4,Q104,6,0.0,0.0,0.0,0.0,0,7,0
v4,Q104,7,1.0,0.14285714285714285,0.25,0.14285714285714285,1,7,1
v4,Q104,8,1.0,0.14285714285714285,0.25,0.14285714285714285,1,7,1
v4,Q104,9,0.0,0.0,0.0,0.0,1,7,0
v4,Q104,10,1.0,0.14285714285714285,0.25,0.14285714285714285,1,7,1
v4,Q104,11,1.0,0.14285714285714285,0.25,0.14285714285714285,1,7,1
v4,Q104,12,1.0,0.14285714285714285,0.25,0.14285714285714285,1,7,1
v4,Q104,13,0.0,0.0,0.0,0.0,0,7,0
v4,Q104,14,0.0,0.0,0.0,0.0,0,7,0
v4,Q104,15,0.0,0.0,0.0,0.0,0,7,0
v4,Q104,16,1.0,0.14285714285714285,0.25,0.14285714285714285,1,7,1
v4,Q104,17,1.0,0.14285714285714285,0.25,0.14285714285714285,1,7,1
v4,Q104,18,1.0,0.14285714285714285,0.25,0.14285714285714285,1,7,1
v4,Q104,19,0.0,0.0,0.0,0.0,0,7,0
v4,Q104,20,1.0,0.14285714285714285,0.25,0.14285714285714285,1,7,1
v4,Q104,21,0.0,0.0,0.0,0.0,0,7,0
v4,Q104,22,1.0,0.14285714285714285,0.25,0.14285714285714285,1,7,1
v4,Q104,23,0.0,0.0,0.0,0.0,0,7,0
v4,Q104,24,0.0,0.0,0.0,0.0,0,7,0
v4,Q104,25,0.0,0.0,0.0,0.0,0,7,0
v4,Q105,1,0.0,0.0,0.0,0.0,1,7,0
v4,Q105,2,0.0,0.0,0.0,0.0,1,7,0
v4,Q105,3,0.0,0.0,0.0,0.0,1,7,0
v4,Q105,4,0.0,0.0,0.0,0.0,1,7,0
v4,Q105,5,0.0,0.0,0.0,0.0,1,7,0
v4,Q105,6,0.0,0.0,0.0,0.0,1,7,0
v4,Q105,7,0.0,0.0,0.0,0.0,1,7,0
v4,Q105,8,0.0,0.0,0.0,0.0,1,7,0
v4,Q105,9,0.0,0.0,0.0,0.0,1,7,0
v4,Q105,10,0.0,0.0,0.0,0.0,1,7,0
v4,Q105,11,0.0,0.0,0.0,0.0,1,7,0
v4,Q105,12,0.0,0.0,0.0,0.0,1,7,0
v4,Q105,13,0.0,0.0,0.0,0.0,1,7,0
v4,Q105,14,0.0,0.0,0.0,0.0,1,7,0
v4,Q105,15,1.0,0.14285714285714285,0.25,0.14285714285714285,1,7,1
v4,Q105,16,0.0,0.0,0.0,0.0,1,7,0
v4,Q105,17,0.0,0.0,0.0,0.0,1,7,0
v4,Q105,18,0.0,0.0,0.0,0.0,1,7,0
v4,Q105,19,0.0,0.0,0.0,0.0,1,7,0
v4,Q105,20,0.0,0.0,0.0,0.0,1,7,0
v4,Q105,21,0.0,0.0,0.0,0.0,1,7,0
v4,Q105,22,0.0,0.0,0.0,0.0,1,7,0
v4,Q105,23,0.0,0.0,0.0,0.0,1,7,0
v4,Q105,24,0.0,0.0,0.0,0.0,1,7,0
v4,Q105,25,0.0,0.0,0.0,0.0,1,7,0
v4,Q106,1,0.0,0.0,0.0,0.0,1,9,0
v4,Q106,2,0.0,0.0,0.0,0.0,0,9,0
v4,Q106,3,1.0,0.1111111111111111,0.19999999999999998,0.1111111111111111,1,9,1
v4,Q106,4,0.0,0.0,0.0,0.0,0,9,0
v4,Q106,5,0.0,0.0,0.0,0.0,0,9,0
v4,Q106,6,1.0,0.1111111111111111,0.19999999999999998,0.1111111111111111,1,9,1
v4,Q106,7,1.0,0.1111111111111111,0.19999999999999998,0.1111111111111111,1,9,1
v4,Q106,8,1.0,0.1111111111111111,0.19999999999999998,0.1111111111111111,1,9,1
v4,Q106,9,0.0,0.0,0.0,0.0,0,9,0
v4,Q106,10,0.0,0.0,0.0,0.0,0,9,0
v4,Q106,11,0.0,0.0,0.0,0.0,0,9,0
v4,Q106,12,0.0,0.0,0.0,0.0,0,9,0
v4,Q106,13,1.0,0.1111111111111111,0.19999999999999998,0.1111111111111111,1,9,1
v4,Q106,14,0.0,0.0,0.0,0.0,0,9,0
v4,Q106,15,0.0,0.0,0.0,0.0,0,9,0
v4,Q106,16,0.0,0.0,0.0,0.0,0,9,0
v4,Q106,17,1.0,0.1111111111111111,0.19999999999999998,0.1111111111111111,1,9,1
v4,Q106,18,0.0,0.0,0.0,0.0,0,9,0
v4,Q106,19,1.0,0.1111111111111111,0.19999999999999998,0.1111111111111111,1,9,1
v4,Q106,20,1.0,0.1111111111111111,0.19999999999999998,0.1111111111111111,1,9,1
v4,Q106,21,1.0,0.1111111111111111,0.19999999999999998,0.1111111111111111,1,9,1
v4,Q106,22,0.0,0.0,0.0,0.0,0,9,0
v4,Q106,23,1.0,0.1111111111111111,0.19999999999999998,0.1111111111111111,1,9,1
v4,Q106,24,1.0,0.1111111111111111,0.19999999999999998,0.1111111111111111,1,9,1
v4,Q106,25,1.0,0.1111111111111111,0.19999999999999998,0.1111111111111111,1,9,1
v4,Q107,1,0.0,0.0,0.0,0.0,0,7,0
v4,Q107,2,0.0,0.0,0.0,0.0,1,7,0
v4,Q107,3,0.0,0.0,0.0,0.0,1,7,0
v4,Q107,4,0.0,0.0,0.0,0.0,0,7,0
v4,Q107,5,0.0,0.0,0.0,0.0,1,7,0
v4,Q107,6,0.0,0.0,0.0,0.0,1,7,0
v4,Q107,7,0.0,0.0,0.0,0.0,0,7,0
v4,Q107,8,0.0,0.0,0.0,0.0,1,7,0
v4,Q107,9,0.0,0.0,0.0,0.0,1,7,0
v4,Q107,10,0.0,0.0,0.0,0.0,1,7,0
v4,Q107,11,0.0,0.0,0.0,0.0,1,7,0
v4,Q107,12,1.0,0.14285714285714285,0.25,0.14285714285714285,1,7,1
v4,Q107,13,0.0,0.0,0.0,0.0,1,7,0
v4,Q107,14,0.0,0.0,0.0,0.0,1,7,0
v4,Q107,15,0.0,0.0,0.0,0.0,1,7,0
v4,Q107,16,0.0,0.0,0.0,0.0,1,7,0
v4,Q107,17,0.0,0.0,0.0,0.0,1,7,0
v4,Q107,18,0.0,0.0,0.0,0.0,1,7,0
v4,Q107,19,0.0,0.0,0.0,0.0,1,7,0
v4,Q107,20,0.0,0.0,0.0,0.0,1,7,0
v4,Q107,21,0.0,0.0,0.0,0.0,0,7,0
v4,Q107,22,0.0,0.0,0.0,0.0,0,7,0
v4,Q107,23,0.0,0.0,0.0,0.0,1,7,0
v4,Q107,24,0.0,0.0,0.0,0.0,1,7,0
v4,Q107,25,0.0,0.0,0.0,0.0,1,7,0
v4,Q108,1,0.0,0.0,0.0,0.0,0,5,0
v4,Q108,2,0.0,0.0,0.0,0.0,0,5,0
v4,Q108,3,0.0,0.0,0.0,0.0,0,5,0
v4,Q108,4,0.0,0.0,0.0,0.0,0,5,0
v4,Q108,5,0.0,0.0,0.0,0.0,0,5,0
v4,Q108,6,0.0,0.0,0.0,0.0,0,5,0
v4,Q108,7,0.0,0.0,0.0,0.0,0,5,0
v4,Q108,8,0.0,0.0,0.0,0.0,0,5,0
v4,Q108,9,0.0,0.0,0.0,0.0,0,5,0
v4,Q108,10,0.0,0.0,0.0,0.0,0,5,0
v4,Q108,11,0.0,0.0,0.0,0.0,0,5,0
v4,Q108,12,0.0,0.0,0.0,0.0,0,5,0
v4,Q108,13,0.0,0.0,0.0,0.0,0,5,0
v4,Q108,14,0.0,0.0,0.0,0.0,0,5,0
v4,Q108,15,0.0,0.0,0.0,0.0,0,5,0
v4,Q108,16,0.0,0.0,0.0,0.0,0,5,0
v4,Q108,17,0.0,0.0,0.0,0.0,0,5,0
v4,Q108,18,0.0,0.0,0.0,0.0,0,5,0
v4,Q108,19,0.0,0.0,0.0,0.0,0,5,0
v4,Q108,20,1.0,0.2,0.33333333333333337,0.2,1,5,1
v4,Q108,21,0.0,0.0,0.0,0.0,0,5,0
v4,Q108,22,1.0,0.2,0.33333333333333337,0.2,1,5,1
v4,Q108,23,0.0,0.0,0.0,0.0,0,5,0
v4,Q108,24,0.0,0.0,0.0,0.0,0,5,0
v4,Q108,25,0.0,0.0,0.0,0.0,0,5,0
v4,Q109,1,0.0,0.0,0.0,0.0,0,7,0
v4,Q109,2,0.0,0.0,0.0,0.0,0,7,0
v4,Q109,3,0.0,0.0,0.0,0.0,0,7,0
v4,Q109,4,0.0,0.0,0.0,0.0,0,7,0
v4,Q109,5,0.0,0.0,0.0,0.0,0,7,0
v4,Q109,6,0.0,0.0,0.0,0.0,1,7,0
v4,Q109,7,0.0,0.0,0.0,0.0,0,7,0
v4,Q109,8,0.0,0.0,0.0,0.0,0,7,0
v4,Q109,9,0.0,0.0,0.0,0.0,1,7,0
v4,Q109,10,0.0,0.0,0.0,0.0,0,7,0
v4,Q109,11,0.0,0.0,0.0,0.0,0,7,0
v4,Q109,12,0.0,0.0,0.0,0.0,0,7,0
v4,Q109,13,0.0,0.0,0.0,0.0,0,7,0
v4,Q109,14,0.0,0.0,0.0,0.0,0,7,0
v4,Q109,15,0.0,0.0,0.0,0.0,0,7,0
v4,Q109,16,0.0,0.0,0.0,0.0,0,7,0
v4,Q109,17,0.0,0.0,0.0,0.0,0,7,0
v4,Q109,18,0.0,0.0,0.0,0.0,0,7,0
v4,Q109,19,1.0,0.14285714285714285,0.25,0.14285714285714285,1,7,1
v4,Q109,20,0.0,0.0,0.0,0.0,0,7,0
v4,Q109,21,0.0,0.0,0.0,0.0,0,7,0
v4,Q109,22,0.0,0.0,0.0,0.0,0,7,0
v4,Q109,23,1.0,0.14285714285714285,0.25,0.14285714285714285,1,7,1
v4,Q109,24,0.0,0.0,0.0,0.0,1,7,0
v4,Q109,25,0.0,0.0,0.0,0.0,0,7,0
v4,Q11,1,0.0,0.0,0.0,0.0,0,5,0
v4,Q11,2,0.0,0.0,0.0,0.0,0,5,0
v4,Q11,3,0.0,0.0,0.0,0.0,0,5,0
v4,Q11,4,0.0,0.0,0.0,0.0,0,5,0
v4,Q11,5,0.0,0.0,0.0,0.0,0,5,0
v4,Q11,6,0.0,0.0,0.0,0.0,0,5,0
v4,Q11,7,0.0,0.0,0.0,0.0,0,5,0
v4,Q11,8,0.0,0.0,0.0,0.0,0,5,0
v4,Q11,9,0.0,0.0,0.0,0.0,0,5,0
v4,Q11,10,0.0,0.0,0.0,0.0,0,5,0
v4,Q11,11,0.0,0.0,0.0,0.0,0,5,0
v4,Q11,12,0.0,0.0,0.0,0.0,0,5,0
v4,Q11,13,0.0,0.0,0.0,0.0,0,5,0
v4,Q11,14,0.0,0.0,0.0,0.0,0,5,0
v4,Q11,15,0.0,0.0,0.0,0.0,0,5,0
v4,Q11,16,0.0,0.0,0.0,0.0,0,5,0
v4,Q11,17,0.0,0.0,0.0,0.0,0,5,0
v4,Q11,18,0.0,0.0,0.0,0.0,0,5,0
v4,Q11,19,0.0,0.0,0.0,0.0,0,5,0
v4,Q11,20,0.0,0.0,0.0,0.0,0,5,0
v4,Q11,21,0.0,0.0,0.0,0.0,0,5,0
v4,Q11,22,0.0,0.0,0.0,0.0,0,5,0
v4,Q11,23,0.0,0.0,0.0,0.0,0,5,0
v4,Q11,24,0.0,0.0,0.0,0.0,0,5,0
v4,Q11,25,0.0,0.0,0.0,0.0,0,5,0
v4,Q110,1,0.0,0.0,0.0,0.0,0,3,0
v4,Q110,2,0.0,0.0,0.0,0.0,0,3,0
v4,Q110,3,0.0,0.0,0.0,0.0,0,3,0
v4,Q110,4,0.0,0.0,0.0,0.0,0,3,0
v4,Q110,5,0.0,0.0,0.0,0.0,1,3,0
v4,Q110,6,0.0,0.0,0.0,0.0,1,3,0
v4,Q110,7,0.0,0.0,0.0,0.0,1,3,0
v4,Q110,8,0.0,0.0,0.0,0.0,0,3,0
v4,Q110,9,0.0,0.0,0.0,0.0,0,3,0
v4,Q110,10,0.0,0.0,0.0,0.0,0,3,0
v4,Q110,11,0.0,0.0,0.0,0.0,0,3,0
v4,Q110,12,0.0,0.0,0.0,0.0,0,3,0
v4,Q110,13,0.0,0.0,0.0,0.0,0,3,0
v4,Q110,14,0.0,0.0,0.0,0.0,1,3,0
v4,Q110,15,0.0,0.0,0.0,0.0,1,3,0
v4,Q110,16,0.0,0.0,0.0,0.0,0,3,0
v4,Q110,17,0.0,0.0,0.0,0.0,0,3,0
v4,Q110,18,0.0,0.0,0.0,0.0,0,3,0
v4,Q110,19,0.0,0.0,0.0,0.0,0,3,0
v4,Q110,20,0.0,0.0,0.0,0.0,0,3,0
v4,Q110,21,0.0,0.0,0.0,0.0,0,3,0
v4,Q110,22,0.0,0.0,0.0,0.0,0,3,0
v4,Q110,23,0.0,0.0,0.0,0.0,0,3,0
v4,Q110,24,0.0,0.0,0.0,0.0,0,3,0
v4,Q110,25,0.0,0.0,0.0,0.0,0,3,0
v4,Q111,1,0.0,0.0,0.0,0.0,1,1,0
v4,Q111,2,0.0,0.0,0.0,0.0,1,1,0
v4,Q111,3,0.0,0.0,0.0,0.0,1,1,0
v4,Q111,4,0.0,0.0,0.0,0.0,1,1,0
v4,Q111,5,0.0,0.0,0.0,0.0,1,1,0
v4,Q111,6,0.0,0.0,0.0,0.0,1,1,0
v4,Q111,7,0.0,0.0,0.0,0.0,1,1,0
v4,Q111,8,0.0,0.0,0.0,0.0,1,1,0
v4,Q111,9,0.0,0.0,0.0,0.0,1,1,0
v4,Q111,10,0.0,0.0,0.0,0.0,1,1,0
v4,Q111,11,0.0,0.0,0.0,0.0,1,1,0
v4,Q111,12,0.0,0.0,0.0,0.0,1,1,0
v4,Q111,13,0.0,0.0,0.0,0.0,1,1,0
v4,Q111,14,0.0,0.0,0.0,0.0,1,1,0
v4,Q111,15,0.0,0.0,0.0,0.0,1,1,0
v4,Q111,16,0.0,0.0,0.0,0.0,1,1,0
v4,Q111,17,0.0,0.0,0.0,0.0,1,1,0
v4,Q111,18,0.0,0.0,0.0,0.0,1,1,0
v4,Q111,19,0.0,0.0,0.0,0.0,1,1,0
v4,Q111,20,0.0,0.0,0.0,0.0,1,1,0
v4,Q111,21,0.0,0.0,0.0,0.0,1,1,0
v4,Q111,22,0.0,0.0,0.0,0.0,1,1,0
v4,Q111,23,0.0,0.0,0.0,0.0,1,1,0
v4,Q111,24,0.0,0.0,0.0,0.0,1,1,0
v4,Q111,25,0.0,0.0,0.0,0.0,1,1,0
v4,Q112,1,1.0,0.14285714285714285,0.25,0.14285714285714285,1,7,1
v4,Q112,2,1.0,0.14285714285714285,0.25,0.14285714285714285,1,7,1
v4,Q112,3,1.0,0.14285714285714285,0.25,0.14285714285714285,1,7,1
v4,Q112,4,0.0,0.0,0.0,0.0,0,7,0
v4,Q112,5,1.0,0.14285714285714285,0.25,0.14285714285714285,1,7,1
v4,Q112,6,1.0,0.14285714285714285,0.25,0.14285714285714285,1,7,1
v4,Q112,7,1.0,0.14285714285714285,0.25,0.14285714285714285,1,7,1
v4,Q112,8,0.0,0.0,0.0,0.0,0,7,0
v4,Q112,9,1.0,0.14285714285714285,0.25,0.14285714285714285,1,7,1
v4,Q112,10,1.0,0.14285714285714285,0.25,0.14285714285714285,1,7,1
v4,Q112,11,1.0,0.14285714285714285,0.25,0.14285714285714285,1,7,1
v4,Q112,12,1.0,0.14285714285714285,0.25,0.14285714285714285,1,7,1
v4,Q112,13,0.0,0.0,0.0,0.0,1,7,0
v4,Q112,14,0.0,0.0,0.0,0.0,1,7,0
v4,Q112,15,0.0,0.0,0.0,0.0,1,7,0
v4,Q112,16,1.0,0.14285714285714285,0.25,0.14285714285714285,1,7,1
v4,Q112,17,0.0,0.0,0.0,0.0,1,7,0
v4,Q112,18,1.0,0.14285714285714285,0.25,0.14285714285714285,1,7,1
v4,Q112,19,1.0,0.14285714285714285,0.25,0.14285714285714285,1,7,1
v4,Q112,20,1.0,0.14285714285714285,0.25,0.14285714285714285,1,7,1
v4,Q112,21,1.0,0.14285714285714285,0.25,0.14285714285714285,1,7,1
v4,Q112,22,1.0,0.14285714285714285,0.25,0.14285714285714285,1,7,1
v4,Q112,23,1.0,0.14285714285714285,0.25,0.14285714285714285,1,7,1
v4,Q112,24,1.0,0.14285714285714285,0.25,0.14285714285714285,1,7,1
v4,Q112,25,0.0,0.0,0.0,0.0,1,7,0
v4,Q113,1,0.0,0.0,0.0,0.0,1,8,0
v4,Q113,2,1.0,0.125,0.2222222222222222,0.125,1,8,1
v4,Q113,3,0.0,0.0,0.0,0.0,0,8,0
v4,Q113,4,0.0,0.0,0.0,0.0,1,8,0
v4,Q113,5,0.0,0.0,0.0,0.0,1,8,0
v4,Q113,6,0.0,0.0,0.0,0.0,1,8,0
v4,Q113,7,0.0,0.0,0.0,0.0,0,8,0
v4,Q113,8,0.0,0.0,0.0,0.0,0,8,0
v4,Q113,9,0.0,0.0,0.0,0.0,1,8,0
v4,Q113,10,0.0,0.0,0.0,0.0,1,8,0
v4,Q113,11,1.0,0.125,0.2222222222222222,0.125,1,8,1
v4,Q113,12,0.0,0.0,0.0,0.0,1,8,0
v4,Q113,13,1.0,0.125,0.2222222222222222,0.125,1,8,1
v4,Q113,14,1.0,0.125,0.2222222222222222,0.125,1,8,1
v4,Q113,15,1.0,0.125,0.2222222222222222,0.125,1,8,1
v4,Q113,16,1.0,0.125,0.2222222222222222,0.125,1,8,1
v4,Q113,17,1.0,0.125,0.2222222222222222,0.125,1,8,1
v4,Q113,18,0.0,0.0,0.0,0.0,0,8,0
v4,Q113,19,0.0,0.0,0.0,0.0,0,8,0
v4,Q113,20,0.0,0.0,0.0,0.0,1,8,0
v4,Q113,21,1.0,0.125,0.2222222222222222,0.125,1,8,1
v4,Q113,22,1.0,0.125,0.2222222222222222,0.125,1,8,1
v4,Q113,23,0.0,0.0,0.0,0.0,1,8,0
v4,Q113,24,1.0,0.125,0.2222222222222222,0.125,1,8,1
v4,Q113,25,0.0,0.0,0.0,0.0,1,8,0
v4,Q114,1,0.0,0.0,0.0,0.0,1,7,0
v4,Q114,2,0.0,0.0,0.0,0.0,1,7,0
v4,Q114,3,0.0,0.0,0.0,0.0,1,7,0
v4,Q114,4,1.0,0.14285714285714285,0.25,0.14285714285714285,1,7,1
v4,Q114,5,0.0,0.0,0.0,0.0,1,7,0
v4,Q114,6,0.0,0.0,0.0,0.0,1,7,0
v4,Q114,7,1.0,0.14285714285714285,0.25,0.14285714285714285,1,7,1
v4,Q114,8,0.0,0.0,0.0,0.0,1,7,0
v4,Q114,9,1.0,0.14285714285714285,0.25,0.14285714285714285,1,7,1
v4,Q114,10,0.0,0.0,0.0,0.0,1,7,0
v4,Q114,11,1.0,0.14285714285714285,0.25,0.14285714285714285,1,7,1
v4,Q114,12,1.0,0.14285714285714285,0.25,0.14285714285714285,1,7,1
v4,Q114,13,1.0,0.14285714285714285,0.25,0.14285714285714285,1,7,1
v4,Q114,14,1.0,0.14285714285714285,0.25,0.14285714285714285,1,7,1
v4,Q114,15,0.0,0.0,0.0,0.0,1,7,0
v4,Q114,16,0.0,0.0,0.0,0.0,1,7,0
v4,Q114,17,0.0,0.0,0.0,0.0,1,7,0
v4,Q114,18,0.0,0.0,0.0,0.0,1,7,0
v4,Q114,19,1.0,0.14285714285714285,0.25,0.14285714285714285,1,7,1
v4,Q114,20,0.0,0.0,0.0,0.0,1,7,0
v4,Q114,21,0.0,0.0,0.0,0.0,1,7,0
v4,Q114,22,0.0,0.0,0.0,0.0,1,7,0
v4,Q114,23,1.0,0.14285714285714285,0.25,0.14285714285714285,1,7,1
v4,Q114,24,0.0,0.0,0.0,0.0,1,7,0
v4,Q114,25,1.0,0.14285714285714285,0.25,0.14285714285714285,1,7,1
v4,Q115,1,0.0,0.0,0.0,0.0,0,5,0
v4,Q115,2,1.0,0.2,0.33333333333333337,0.2,1,5,1
v4,Q115,3,1.0,0.2,0.33333333333333337,0.2,1,5,1
v4,Q115,4,0.0,0.0,0.0,0.0,0,5,0
v4,Q115,5,1.0,0.2,0.33333333333333337,0.2,1,5,1
v4,Q115,6,1.0,0.2,0.33333333333333337,0.2,1,5,1
v4,Q115,7,0.0,0.0,0.0,0.0,0,5,0
v4,Q115,8,1.0,0.2,0.33333333333333337,0.2,1,5,1
v4,Q115,9,0.0,0.0,0.0,0.0,0,5,0
v4,Q115,10,0.0,0.0,0.0,0.0,0,5,0
v4,Q115,11,1.0,0.2,0.33333333333333337,0.2,1,5,1
v4,Q115,12,1.0,0.2,0.33333333333333337,0.2,1,5,1
v4,Q115,13,1.0,0.2,0.33333333333333337,0.2,1,5,1
v4,Q115,14,0.0,0.0,0.0,0.0,0,5,0
v4,Q115,15,0.0,0.0,0.0,0.0,0,5,0
v4,Q115,16,0.0,0.0,0.0,0.0,0,5,0
v4,Q115,17,1.0,0.2,0.33333333333333337,0.2,1,5,1
v4,Q115,18,1.0,0.2,0.33333333333333337,0.2,1,5,1
v4,Q115,19,0.0,0.0,0.0,0.0,0,5,0
v4,Q115,20,1.0,0.2,0.33333333333333337,0.2,1,5,1
v4,Q115,21,0.0,0.0,0.0,0.0,0,5,0
v4,Q115,22,0.0,0.0,0.0,0.0,0,5,0
v4,Q115,23,0.0,0.0,0.0,0.0,0,5,0
v4,Q115,24,1.0,0.2,0.33333333333333337,0.2,1,5,1
v4,Q115,25,1.0,0.2,0.33333333333333337,0.2,1,5,1
v4,Q116,1,1.0,0.125,0.2222222222222222,0.125,1,8,1
v4,Q116,2,1.0,0.125,0.2222222222222222,0.125,1,8,1
v4,Q116,3,1.0,0.125,0.2222222222222222,0.125,1,8,1
v4,Q116,4,1.0,0.125,0.2222222222222222,0.125,1,8,1
v4,Q116,5,1.0,0.125,0.2222222222222222,0.125,1,8,1
v4,Q116,6,1.0,0.125,0.2222222222222222,0.125,1,8,1
v4,Q116,7,1.0,0.125,0.2222222222222222,0.125,1,8,1
v4,Q116,8,1.0,0.125,0.2222222222222222,0.125,1,8,1
v4,Q116,9,1.0,0.125,0.2222222222222222,0.125,1,8,1
v4,Q116,10,0.0,0.0,0.0,0.0,1,8,0
v4,Q116,11,1.0,0.125,0.2222222222222222,0.125,1,8,1
v4,Q116,12,1.0,0.125,0.2222222222222222,0.125,1,8,1
v4,Q116,13,1.0,0.125,0.2222222222222222,0.125,1,8,1
v4,Q116,14,1.0,0.125,0.2222222222222222,0.125,1,8,1
v4,Q116,15,1.0,0.125,0.2222222222222222,0.125,1,8,1
v4,Q116,16,1.0,0.125,0.2222222222222222,0.125,1,8,1
v4,Q116,17,1.0,0.125,0.2222222222222222,0.125,1,8,1
v4,Q116,18,1.0,0.125,0.2222222222222222,0.125,1,8,1
v4,Q116,19,1.0,0.125,0.2222222222222222,0.125,1,8,1
v4,Q116,20,1.0,0.125,0.2222222222222222,0.125,1,8,1
v4,Q116,21,1.0,0.125,0.2222222222222222,0.125,1,8,1
v4,Q116,22,1.0,0.125,0.2222222222222222,0.125,1,8,1
v4,Q116,23,1.0,0.125,0.2222222222222222,0.125,1,8,1
v4,Q116,24,1.0,0.125,0.2222222222222222,0.125,1,8,1
v4,Q116,25,1.0,0.125,0.2222222222222222,0.125,1,8,1
v4,Q117,1,1.0,0.2,0.33333333333333337,0.2,1,5,1
v4,Q117,2,0.0,0.0,0.0,0.0,1,5,0
v4,Q117,3,0.0,0.0,0.0,0.0,0,5,0
v4,Q117,4,0.0,0.0,0.0,0.0,0,5,0
v4,Q117,5,0.0,0.0,0.0,0.0,1,5,0
v4,Q117,6,0.0,0.0,0.0,0.0,1,5,0
v4,Q117,7,0.0,0.0,0.0,0.0,0,5,0
v4,Q117,8,0.0,0.0,0.0,0.0,0,5,0
v4,Q117,9,0.0,0.0,0.0,0.0,1,5,0
v4,Q117,10,1.0,0.2,0.33333333333333337,0.2,1,5,1
v4,Q117,11,0.0,0.0,0.0,0.0,0,5,0
v4,Q117,12,0.0,0.0,0.0,0.0,0,5,0
v4,Q117,13,1.0,0.2,0.33333333333333337,0.2,1,5,1
v4,Q117,14,1.0,0.2,0.33333333333333337,0.2,1,5,1
v4,Q117,15,0.0,0.0,0.0,0.0,0,5,0
v4,Q117,16,0.0,0.0,0.0,0.0,1,5,0
v4,Q117,17,0.0,0.0,0.0,0.0,0,5,0
v4,Q117,18,1.0,0.2,0.33333333333333337,0.2,1,5,1
v4,Q117,19,0.0,0.0,0.0,0.0,1,5,0
v4,Q117,20,0.0,0.0,0.0,0.0,1,5,0
v4,Q117,21,0.0,0.0,0.0,0.0,0,5,0
v4,Q117,22,1.0,0.2,0.33333333333333337,0.2,1,5,1
v4,Q117,23,0.0,0.0,0.0,0.0,0,5,0
v4,Q117,24,0.0,0.0,0.0,0.0,0,5,0
v4,Q117,25,1.0,0.2,0.33333333333333337,0.2,1,5,1
v4,Q118,1,0.0,0.0,0.0,0.0,1,3,0
v4,Q118,2,0.0,0.0,0.0,0.0,0,3,0
v4,Q118,3,0.0,0.0,0.0,0.0,0,3,0
v4,Q118,4,0.0,0.0,0.0,0.0,1,3,0
v4,Q118,5,0.0,0.0,0.0,0.0,1,3,0
v4,Q118,6,0.0,0.0,0.0,0.0,0,3,0
v4,Q118,7,0.0,0.0,0.0,0.0,0,3,0
v4,Q118,8,0.0,0.0,0.0,0.0,0,3,0
v4,Q118,9,0.0,0.0,0.0,0.0,0,3,0
v4,Q118,10,0.0,0.0,0.0,0.0,1,3,0
v4,Q118,11,0.0,0.0,0.0,0.0,0,3,0
v4,Q118,12,0.0,0.0,0.0,0.0,1,3,0
v4,Q118,13,0.0,0.0,0.0,0.0,1,3,0
v4,Q118,14,0.0,0.0,0.0,0.0,0,3,0
v4,Q118,15,0.0,0.0,0.0,0.0,0,3,0
v4,Q118,16,0.0,0.0,0.0,0.0,0,3,0
v4,Q118,17,0.0,0.0,0.0,0.0,0,3,0
v4,Q118,18,0.0,0.0,0.0,0.0,0,3,0
v4,Q118,19,0.0,0.0,0.0,0.0,0,3,0
v4,Q118,20,0.0,0.0,0.0,0.0,0,3,0
v4,Q118,21,0.0,0.0,0.0,0.0,0,3,0
v4,Q118,22,0.0,0.0,0.0,0.0,1,3,0
v4,Q118,23,0.0,0.0,0.0,0.0,0,3,0
v4,Q118,24,0.0,0.0,0.0,0.0,0,3,0
v4,Q118,25,0.0,0.0,0.0,0.0,0,3,0
v4,Q119,1,0.0,0.0,0.0,0.0,0,7,0
v4,Q119,2,0.0,0.0,0.0,0.0,0,7,0
v4,Q119,3,0.0,0.0,0.0,0.0,0,7,0
v4,Q119,4,0.0,0.0,0.0,0.0,0,7,0
v4,Q119,5,0.0,0.0,0.0,0.0,0,7,0
v4,Q119,6,0.0,0.0,0.0,0.0,0,7,0
v4,Q119,7,0.0,0.0,0.0,0.0,0,7,0
v4,Q119,8,0.0,0.0,0.0,0.0,0,7,0
v4,Q119,9,0.0,0.0,0.0,0.0,0,7,0
v4,Q119,10,0.0,0.0,0.0,0.0,0,7,0
v4,Q119,11,0.0,0.0,0.0,0.0,0,7,0
v4,Q119,12,0.0,0.0,0.0,0.0,0,7,0
v4,Q119,13,0.0,0.0,0.0,0.0,0,7,0
v4,Q119,14,0.0,0.0,0.0,0.0,0,7,0
v4,Q119,15,0.0,0.0,0.0,0.0,0,7,0
v4,Q119,16,0.0,0.0,0.0,0.0,0,7,0
v4,Q119,17,0.0,0.0,0.0,0.0,0,7,0
v4,Q119,18,0.0,0.0,0.0,0.0,0,7,0
v4,Q119,19,0.0,0.0,0.0,0.0,0,7,0
v4,Q119,20,0.0,0.0,0.0,0.0,0,7,0
v4,Q119,21,0.0,0.0,0.0,0.0,0,7,0
v4,Q119,22,0.0,0.0,0.0,0.0,0,7,0
v4,Q119,23,0.0,0.0,0.0,0.0,0,7,0
v4,Q119,24,0.0,0.0,0.0,0.0,0,7,0
v4,Q119,25,0.0,0.0,0.0,0.0,0,7,0
v4,Q12,1,0.0,0.0,0.0,0.0,0,1,0
v4,Q12,2,0.0,0.0,0.0,0.0,0,1,0
v4,Q12,3,0.0,0.0,0.0,0.0,0,1,0
v4,Q12,4,0.0,0.0,0.0,0.0,0,1,0
v4,Q12,5,0.0,0.0,0.0,0.0,0,1,0
v4,Q12,6,0.0,0.0,0.0,0.0,0,1,0
v4,Q12,7,0.0,0.0,0.0,0.0,0,1,0
v4,Q12,8,0.0,0.0,0.0,0.0,0,1,0
v4,Q12,9,0.0,0.0,0.0,0.0,0,1,0
v4,Q12,10,0.0,0.0,0.0,0.0,0,1,0
v4,Q12,11,0.0,0.0,0.0,0.0,0,1,0
v4,Q12,12,0.0,0.0,0.0,0.0,0,1,0
v4,Q12,13,0.0,0.0,0.0,0.0,0,1,0
v4,Q12,14,0.0,0.0,0.0,0.0,0,1,0
v4,Q12,15,0.0,0.0,0.0,0.0,0,1,0
v4,Q12,16,0.0,0.0,0.0,0.0,0,1,0
v4,Q12,17,0.0,0.0,0.0,0.0,0,1,0
v4,Q12,18,0.0,0.0,0.0,0.0,0,1,0
v4,Q12,19,0.0,0.0,0.0,0.0,0,1,0
v4,Q12,20,0.0,0.0,0.0,0.0,0,1,0
v4,Q12,21,0.0,0.0,0.0,0.0,0,1,0
v4,Q12,22,0.0,0.0,0.0,0.0,0,1,0
v4,Q12,23,0.0,0.0,0.0,0.0,0,1,0
v4,Q12,24,0.0,0.0,0.0,0.0,0,1,0
v4,Q12,25,0.0,0.0,0.0,0.0,0,1,0
v4,Q120,1,1.0,0.1111111111111111,0.19999999999999998,0.1111111111111111,1,9,1
v4,Q120,2,1.0,0.1111111111111111,0.19999999999999998,0.1111111111111111,1,9,1
v4,Q120,3,1.0,0.1111111111111111,0.19999999999999998,0.1111111111111111,1,9,1
v4,Q120,4,0.0,0.0,0.0,0.0,0,9,0
v4,Q120,5,0.0,0.0,0.0,0.0,0,9,0
v4,Q120,6,1.0,0.1111111111111111,0.19999999999999998,0.1111111111111111,1,9,1
v4,Q120,7,0.0,0.0,0.0,0.0,0,9,0
v4,Q120,8,1.0,0.1111111111111111,0.19999999999999998,0.1111111111111111,1,9,1
v4,Q120,9,1.0,0.1111111111111111,0.19999999999999998,0.1111111111111111,1,9,1
v4,Q120,10,0.0,0.0,0.0,0.0,0,9,0
v4,Q120,11,1.0,0.1111111111111111,0.19999999999999998,0.1111111111111111,1,9,1
v4,Q120,12,1.0,0.1111111111111111,0.19999999999999998,0.1111111111111111,1,9,1
v4,Q120,13,0.0,0.0,0.0,0.0,0,9,0
v4,Q120,14,0.0,0.0,0.0,0.0,0,9,0
v4,Q120,15,1.0,0.1111111111111111,0.19999999999999998,0.1111111111111111,1,9,1
v4,Q120,16,1.0,0.1111111111111111,0.19999999999999998,0.1111111111111111,1,9,1
v4,Q120,17,1.0,0.1111111111111111,0.19999999999999998,0.1111111111111111,1,9,1
v4,Q120,18,0.0,0.0,0.0,0.0,0,9,0
v4,Q120,19,1.0,0.1111111111111111,0.19999999999999998,0.1111111111111111,1,9,1
v4,Q120,20,1.0,0.1111111111111111,0.19999999999999998,0.1111111111111111,1,9,1
v4,Q120,21,1.0,0.1111111111111111,0.19999999999999998,0.1111111111111111,1,9,1
v4,Q120,22,1.0,0.1111111111111111,0.19999999999999998,0.1111111111111111,1,9,1
v4,Q120,23,0.0,0.0,0.0,0.0,0,9,0
v4,Q120,24,1.0,0.1111111111111111,0.19999999999999998,0.1111111111111111,1,9,1
v4,Q120,25,1.0,0.1111111111111111,0.19999999999999998,0.1111111111111111,1,9,1
v4,Q121,1,0.0,0.0,0.0,0.0,0,9,0
v4,Q121,2,0.0,0.0,0.0,0.0,0,9,0
v4,Q121,3,0.0,0.0,0.0,0.0,0,9,0
v4,Q121,4,0.0,0.0,0.0,0.0,0,9,0
v4,Q121,5,0.0,0.0,0.0,0.0,0,9,0
v4,Q121,6,0.0,0.0,0.0,0.0,0,9,0
v4,Q121,7,0.0,0.0,0.0,0.0,0,9,0
v4,Q121,8,0.0,0.0,0.0,0.0,0,9,0
v4,Q121,9,0.0,0.0,0.0,0.0,0,9,0
v4,Q121,10,0.0,0.0,0.0,0.0,0,9,0
v4,Q121,11,0.0,0.0,0.0,0.0,0,9,0
v4,Q121,12,0.0,0.0,0.0,0.0,0,9,0
v4,Q121,13,0.0,0.0,0.0,0.0,0,9,0
v4,Q121,14,0.0,0.0,0.0,0.0,0,9,0
v4,Q121,15,0.0,0.0,0.0,0.0,0,9,0
v4,Q121,16,0.0,0.0,0.0,0.0,0,9,0
v4,Q121,17,0.0,0.0,0.0,0.0,0,9,0
v4,Q121,18,0.0,0.0,0.0,0.0,0,9,0
v4,Q121,19,0.0,0.0,0.0,0.0,0,9,0
v4,Q121,20,0.0,0.0,0.0,0.0,0,9,0
v4,Q121,21,0.0,0.0,0.0,0.0,0,9,0
v4,Q121,22,0.0,0.0,0.0,0.0,0,9,0
v4,Q121,23,0.0,0.0,0.0,0.0,0,9,0
v4,Q121,24,0.0,0.0,0.0,0.0,0,9,0
v4,Q121,25,0.0,0.0,0.0,0.0,0,9,0
v4,Q122,1,0.0,0.0,0.0,0.0,0,5,0
v4,Q122,2,0.0,0.0,0.0,0.0,0,5,0
v4,Q122,3,0.0,0.0,0.0,0.0,0,5,0
v4,Q122,4,0.0,0.0,0.0,0.0,0,5,0
v4,Q122,5,0.0,0.0,0.0,0.0,0,5,0
v4,Q122,6,0.0,0.0,0.0,0.0,0,5,0
v4,Q122,7,0.0,0.0,0.0,0.0,0,5,0
v4,Q122,8,0.0,0.0,0.0,0.0,0,5,0
v4,Q122,9,0.0,0.0,0.0,0.0,0,5,0
v4,Q122,10,0.0,0.0,0.0,0.0,0,5,0
v4,Q122,11,0.0,0.0,0.0,0.0,0,5,0
v4,Q122,12,0.0,0.0,0.0,0.0,0,5,0
v4,Q122,13,0.0,0.0,0.0,0.0,0,5,0
v4,Q122,14,0.0,0.0,0.0,0.0,0,5,0
v4,Q122,15,0.0,0.0,0.0,0.0,0,5,0
v4,Q122,16,0.0,0.0,0.0,0.0,0,5,0
v4,Q122,17,0.0,0.0,0.0,0.0,0,5,0
v4,Q122,18,0.0,0.0,0.0,0.0,0,5,0
v4,Q122,19,0.0,0.0,0.0,0.0,0,5,0
v4,Q122,20,0.0,0.0,0.0,0.0,0,5,0
v4,Q122,21,0.0,0.0,0.0,0.0,0,5,0
v4,Q122,22,0.0,0.0,0.0,0.0,0,5,0
v4,Q122,23,0.0,0.0,0.0,0.0,0,5,0
v4,Q122,24,0.0,0.0,0.0,0.0,0,5,0
v4,Q122,25,0.0,0.0,0.0,0.0,0,5,0
v4,Q123,1,1.0,0.2,0.33333333333333337,0.2,1,5,1
v4,Q123,2,0.0,0.0,0.0,0.0,1,5,0
v4,Q123,3,1.0,0.2,0.33333333333333337,0.2,1,5,1
v4,Q123,4,0.0,0.0,0.0,0.0,1,5,0
v4,Q123,5,1.0,0.2,0.33333333333333337,0.2,1,5,1
v4,Q123,6,0.0,0.0,0.0,0.0,1,5,0
v4,Q123,7,1.0,0.2,0.33333333333333337,0.2,1,5,1
v4,Q123,8,1.0,0.2,0.33333333333333337,0.2,1,5,1
v4,Q123,9,0.0,0.0,0.0,0.0,1,5,0
v4,Q123,10,1.0,0.2,0.33333333333333337,0.2,1,5,1
v4,Q123,11,1.0,0.2,0.33333333333333337,0.2,1,5,1
v4,Q123,12,1.0,0.2,0.33333333333333337,0.2,1,5,1
v4,Q123,13,0.0,0.0,0.0,0.0,1,5,0
v4,Q123,14,0.0,0.0,0.0,0.0,1,5,0
v4,Q123,15,0.0,0.0,0.0,0.0,1,5,0
v4,Q123,16,0.0,0.0,0.0,0.0,1,5,0
v4,Q123,17,1.0,0.2,0.33333333333333337,0.2,1,5,1
v4,Q123,18,0.0,0.0,0.0,0.0,1,5,0
v4,Q123,19,0.0,0.0,0.0,0.0,1,5,0
v4,Q123,20,1.0,0.2,0.33333333333333337,0.2,1,5,1
v4,Q123,21,1.0,0.2,0.33333333333333337,0.2,1,5,1
v4,Q123,22,1.0,0.2,0.33333333333333337,0.2,1,5,1
v4,Q123,23,1.0,0.2,0.33333333333333337,0.2,1,5,1
v4,Q123,24,0.0,0.0,0.0,0.0,1,5,0
v4,Q123,25,0.0,0.0,0.0,0.0,1,5,0
v4,Q124,1,0.0,0.0,0.0,0.0,0,1,0
v4,Q124,2,0.0,0.0,0.0,0.0,0,1,0
v4,Q124,3,0.0,0.0,0.0,0.0,0,1,0
v4,Q124,4,0.0,0.0,0.0,0.0,0,1,0
v4,Q124,5,0.0,0.0,0.0,0.0,0,1,0
v4,Q124,6,0.0,0.0,0.0,0.0,0,1,0
v4,Q124,7,0.0,0.0,0.0,0.0,0,1,0
v4,Q124,8,0.0,0.0,0.0,0.0,1,1,0
v4,Q124,9,0.0,0.0,0.0,0.0,0,1,0
v4,Q124,10,0.0,0.0,0.0,0.0,0,1,0
v4,Q124,11,0.0,0.0,0.0,0.0,1,1,0
v4,Q124,12,0.0,0.0,0.0,0.0,0,1,0
v4,Q124,13,0.0,0.0,0.0,0.0,0,1,0
v4,Q124,14,0.0,0.0,0.0,0.0,1,1,0
v4,Q124,15,0.0,0.0,0.0,0.0,1,1,0
v4,Q124,16,0.0,0.0,0.0,0.0,0,1,0
v4,Q124,17,0.0,0.0,0.0,0.0,0,1,0
v4,Q124,18,0.0,0.0,0.0,0.0,1,1,0
v4,Q124,19,0.0,0.0,0.0,0.0,0,1,0
v4,Q124,20,0.0,0.0,0.0,0.0,0,1,0
v4,Q124,21,0.0,0.0,0.0,0.0,0,1,0
v4,Q124,22,0.0,0.0,0.0,0.0,0,1,0
v4,Q124,23,0.0,0.0,0.0,0.0,1,1,0
v4,Q124,24,0.0,0.0,0.0,0.0,1,1,0
v4,Q124,25,0.0,0.0,0.0,0.0,0,1,0
v4,Q125,1,0.0,0.0,0.0,0.0,0,5,0
v4,Q125,2,1.0,0.2,0.33333333333333337,0.2,1,5,1
v4,Q125,3,0.0,0.0,0.0,0.0,0,5,0
v4,Q125,4,0.0,0.0,0.0,0.0,0,5,0
v4,Q125,5,1.0,0.2,0.33333333333333337,0.2,1,5,1
v4,Q125,6,0.0,0.0,0.0,0.0,0,5,0
v4,Q125,7,0.0,0.0,0.0,0.0,1,5,0
v4,Q125,8,1.0,0.2,0.33333333333333337,0.2,1,5,1
v4,Q125,9,1.0,0.2,0.33333333333333337,0.2,1,5,1
v4,Q125,10,1.0,0.2,0.33333333333333337,0.2,1,5,1
v4,Q125,11,1.0,0.2,0.33333333333333337,0.2,1,5,1
v4,Q125,12,1.0,0.2,0.33333333333333337,0.2,1,5,1
v4,Q125,13,0.0,0.0,0.0,0.0,1,5,0
v4,Q125,14,0.0,0.0,0.0,0.0,1,5,0
v4,Q125,15,1.0,0.2,0.33333333333333337,0.2,1,5,1
v4,Q125,16,1.0,0.2,0.33333333333333337,0.2,1,5,1
v4,Q125,17,0.0,0.0,0.0,0.0,0,5,0
v4,Q125,18,0.0,0.0,0.0,0.0,0,5,0
v4,Q125,19,1.0,0.2,0.33333333333333337,0.2,1,5,1
v4,Q125,20,0.0,0.0,0.0,0.0,1,5,0
v4,Q125,21,0.0,0.0,0.0,0.0,1,5,0
v4,Q125,22,0.0,0.0,0.0,0.0,0,5,0
v4,Q125,23,1.0,0.2,0.33333333333333337,0.2,1,5,1
v4,Q125,24,1.0,0.2,0.33333333333333337,0.2,1,5,1
v4,Q125,25,1.0,0.2,0.33333333333333337,0.2,1,5,1
v4,Q126,1,1.0,0.2,0.33333333333333337,0.2,1,5,1
v4,Q126,2,1.0,0.2,0.33333333333333337,0.2,1,5,1
v4,Q126,3,1.0,0.2,0.33333333333333337,0.2,1,5,1
v4,Q126,4,1.0,0.2,0.33333333333333337,0.2,1,5,1
v4,Q126,5,1.0,0.2,0.33333333333333337,0.2,1,5,1
v4,Q126,6,1.0,0.2,0.33333333333333337,0.2,1,5,1
v4,Q126,7,0.0,0.0,0.0,0.0,0,5,0
v4,Q126,8,1.0,0.2,0.33333333333333337,0.2,1,5,1
v4,Q126,9,1.0,0.2,0.33333333333333337,0.2,1,5,1
v4,Q126,10,1.0,0.2,0.33333333333333337,0.2,1,5,1
v4,Q126,11,1.0,0.2,0.33333333333333337,0.2,1,5,1
v4,Q126,12,0.0,0.0,0.0,0.0,1,5,0
v4,Q126,13,1.0,0.2,0.33333333333333337,0.2,1,5,1
v4,Q126,14,1.0,0.2,0.33333333333333337,0.2,1,5,1
v4,Q126,15,0.0,0.0,0.0,0.0,0,5,0
v4,Q126,16,1.0,0.2,0.33333333333333337,0.2,1,5,1
v4,Q126,17,1.0,0.2,0.33333333333333337,0.2,1,5,1
v4,Q126,18,0.0,0.0,0.0,0.0,0,5,0
v4,Q126,19,1.0,0.2,0.33333333333333337,0.2,1,5,1
v4,Q126,20,1.0,0.2,0.33333333333333337,0.2,1,5,1
v4,Q126,21,1.0,0.2,0.33333333333333337,0.2,1,5,1
v4,Q126,22,1.0,0.2,0.33333333333333337,0.2,1,5,1
v4,Q126,23,1.0,0.2,0.33333333333333337,0.2,1,5,1
v4,Q126,24,1.0,0.2,0.33333333333333337,0.2,1,5,1
v4,Q126,25,1.0,0.2,0.33333333333333337,0.2,1,5,1
v4,Q127,1,1.0,0.14285714285714285,0.25,0.14285714285714285,1,7,1
v4,Q127,2,1.0,0.14285714285714285,0.25,0.14285714285714285,1,7,1
v4,Q127,3,1.0,0.14285714285714285,0.25,0.14285714285714285,1,7,1
v4,Q127,4,0.0,0.0,0.0,0.0,1,7,0
v4,Q127,5,1.0,0.14285714285714285,0.25,0.14285714285714285,1,7,1
v4,Q127,6,1.0,0.14285714285714285,0.25,0.14285714285714285,1,7,1
v4,Q127,7,0.0,0.0,0.0,0.0,1,7,0
v4,Q127,8,0.0,0.0,0.0,0.0,1,7,0
v4,Q127,9,1.0,0.14285714285714285,0.25,0.14285714285714285,1,7,1
v4,Q127,10,1.0,0.14285714285714285,0.25,0.14285714285714285,1,7,1
v4,Q127,11,0.0,0.0,0.0,0.0,1,7,0
v4,Q127,12,0.0,0.0,0.0,0.0,1,7,0
v4,Q127,13,0.0,0.0,0.0,0.0,1,7,0
v4,Q127,14,0.0,0.0,0.0,0.0,1,7,0
v4,Q127,15,0.0,0.0,0.0,0.0,1,7,0
v4,Q127,16,1.0,0.14285714285714285,0.25,0.14285714285714285,1,7,1
v4,Q127,17,0.0,0.0,0.0,0.0,1,7,0
v4,Q127,18,0.0,0.0,0.0,0.0,1,7,0
v4,Q127,19,1.0,0.14285714285714285,0.25,0.14285714285714285,1,7,1
v4,Q127,20,0.0,0.0,0.0,0.0,1,7,0
v4,Q127,21,0.0,0.0,0.0,0.0,1,7,0
v4,Q127,22,0.0,0.0,0.0,0.0,0,7,0
v4,Q127,23,0.0,0.0,0.0,0.0,1,7,0
v4,Q127,24,0.0,0.0,0.0,0.0,1,7,0
v4,Q127,25,0.0,0.0,0.0,0.0,1,7,0
v4,Q128,1,1.0,0.16666666666666666,0.2857142857142857,0.16666666666666666,1,6,1
v4,Q128,2,1.0,0.16666666666666666,0.2857142857142857,0.16666666666666666,1,6,1
v4,Q128,3,0.0,0.0,0.0,0.0,0,6,0
v4,Q128,4,1.0,0.16666666666666666,0.2857142857142857,0.16666666666666666,1,6,1
v4,Q128,5,1.0,0.16666666666666666,0.2857142857142857,0.16666666666666666,1,6,1
v4,Q128,6,0.0,0.0,0.0,0.0,0,6,0
v4,Q128,7,1.0,0.16666666666666666,0.2857142857142857,0.16666666666666666,1,6,1
v4,Q128,8,1.0,0.16666666666666666,0.2857142857142857,0.16666666666666666,1,6,1
v4,Q128,9,1.0,0.16666666666666666,0.2857142857142857,0.16666666666666666,1,6,1
v4,Q128,10,0.0,0.0,0.0,0.0,0,6,0
v4,Q128,11,0.0,0.0,0.0,0.0,0,6,0
v4,Q128,12,1.0,0.16666666666666666,0.2857142857142857,0.16666666666666666,1,6,1
v4,Q128,13,0.0,0.0,0.0,0.0,0,6,0
v4,Q128,14,1.0,0.16666666666666666,0.2857142857142857,0.16666666666666666,1,6,1
v4,Q128,15,0.0,0.0,0.0,0.0,0,6,0
v4,Q128,16,1.0,0.16666666666666666,0.2857142857142857,0.16666666666666666,1,6,1
v4,Q128,17,0.0,0.0,0.0,0.0,0,6,0
v4,Q128,18,1.0,0.16666666666666666,0.2857142857142857,0.16666666666666666,1,6,1
v4,Q128,19,0.0,0.0,0.0,0.0,0,6,0
v4,Q128,20,1.0,0.16666666666666666,0.2857142857142857,0.16666666666666666,1,6,1
v4,Q128,21,1.0,0.16666666666666666,0.2857142857142857,0.16666666666666666,1,6,1
v4,Q128,22,1.0,0.16666666666666666,0.2857142857142857,0.16666666666666666,1,6,1
v4,Q128,23,0.0,0.0,0.0,0.0,0,6,0
v4,Q128,24,1.0,0.16666666666666666,0.2857142857142857,0.16666666666666666,1,6,1
v4,Q128,25,0.0,0.0,0.0,0.0,0,6,0
v4,Q129,1,1.0,0.125,0.2222222222222222,0.125,1,8,1
v4,Q129,2,0.0,0.0,0.0,0.0,1,8,0
v4,Q129,3,1.0,0.125,0.2222222222222222,0.125,1,8,1
v4,Q129,4,0.0,0.0,0.0,0.0,1,8,0
v4,Q129,5,1.0,0.125,0.2222222222222222,0.125,1,8,1
v4,Q129,6,0.0,0.0,0.0,0.0,1,8,0
v4,Q129,7,1.0,0.125,0.2222222222222222,0.125,1,8,1
v4,Q129,8,1.0,0.125,0.2222222222222222,0.125,1,8,1
v4,Q129,9,0.0,0.0,0.0,0.0,0,8,0
v4,Q129,10,0.0,0.0,0.0,0.0,0,8,0
v4,Q129,11,0.0,0.0,0.0,0.0,1,8,0
v4,Q129,12,0.0,0.0,0.0,0.0,1,8,0
v4,Q129,13,0.0,0.0,0.0,0.0,0,8,0
v4,Q129,14,0.0,0.0,0.0,0.0,0,8,0
v4,Q129,15,0.0,0.0,0.0,0.0,0,8,0
v4,Q129,16,0.0,0.0,0.0,0.0,0,8,0
v4,Q129,17,0.0,0.0,0.0,0.0,1,8,0
v4,Q129,18,0.0,0.0,0.0,0.0,0,8,0
v4,Q129,19,0.0,0.0,0.0,0.0,0,8,0
v4,Q129,20,1.0,0.125,0.2222222222222222,0.125,1,8,1
v4,Q129,21,0.0,0.0,0.0,0.0,1,8,0
v4,Q129,22,0.0,0.0,0.0,0.0,1,8,0
v4,Q129,23,0.0,0.0,0.0,0.0,1,8,0
v4,Q129,24,0.0,0.0,0.0,0.0,1,8,0
v4,Q129,25,0.0,0.0,0.0,0.0,0,8,0
v4,Q13,1,0.0,0.0,0.0,0.0,0,1,0
v4,Q13,2,0.0,0.0,0.0,0.0,0,1,0
v4,Q13,3,0.0,0.0,0.0,0.0,0,1,0
v4,Q13,4,0.0,0.0,0.0,0.0,0,1,0
v4,Q13,5,0.0,0.0,0.0,0.0,0,1,0
v4,Q13,6,0.0,0.0,0.0,0.0,0,1,0
v4,Q13,7,0.0,0.0,0.0,0.0,0,1,0
v4,Q13,8,0.0,0.0,0.0,0.0,0,1,0
v4,Q13,9,0.0,0.0,0.0,0.0,0,1,0
v4,Q13,10,0.0,0.0,0.0,0.0,0,1,0
v4,Q13,11,0.0,0.0,0.0,0.0,0,1,0
v4,Q13,12,0.0,0.0,0.0,0.0,0,1,0
v4,Q13,13,0.0,0.0,0.0,0.0,0,1,0
v4,Q13,14,0.0,0.0,0.0,0.0,0,1,0
v4,Q13,15,0.0,0.0,0.0,0.0,0,1,0
v4,Q13,16,0.0,0.0,0.0,0.0,0,1,0
v4,Q13,17,0.0,0.0,0.0,0.0,0,1,0
v4,Q13,18,0.0,0.0,0.0,0.0,0,1,0
v4,Q13,19,0.0,0.0,0.0,0.0,0,1,0
v4,Q13,20,0.0,0.0,0.0,0.0,0,1,0
v4,Q13,21,0.0,0.0,0.0,0.0,0,1,0
v4,Q13,22,0.0,0.0,0.0,0.0,0,1,0
v4,Q13,23,0.0,0.0,0.0,0.0,0,1,0
v4,Q13,24,0.0,0.0,0.0,0.0,0,1,0
v4,Q13,25,0.0,0.0,0.0,0.0,0,1,0
v4,Q130,1,0.0,0.0,0.0,0.0,1,8,0
v4,Q130,2,0.0,0.0,0.0,0.0,0,8,0
v4,Q130,3,0.0,0.0,0.0,0.0,0,8,0
v4,Q130,4,0.0,0.0,0.0,0.0,0,8,0
v4,Q130,5,0.0,0.0,0.0,0.0,1,8,0
v4,Q130,6,0.0,0.0,0.0,0.0,0,8,0
v4,Q130,7,0.0,0.0,0.0,0.0,0,8,0
v4,Q130,8,0.0,0.0,0.0,0.0,0,8,0
v4,Q130,9,0.0,0.0,0.0,0.0,0,8,0
v4,Q130,10,0.0,0.0,0.0,0.0,0,8,0
v4,Q130,11,0.0,0.0,0.0,0.0,0,8,0
v4,Q130,12,0.0,0.0,0.0,0.0,0,8,0
v4,Q130,13,0.0,0.0,0.0,0.0,0,8,0
v4,Q130,14,0.0,0.0,0.0,0.0,0,8,0
v4,Q130,15,0.0,0.0,0.0,0.0,1,8,0
v4,Q130,16,0.0,0.0,0.0,0.0,0,8,0
v4,Q130,17,0.0,0.0,0.0,0.0,1,8,0
v4,Q130,18,0.0,0.0,0.0,0.0,0,8,0
v4,Q130,19,0.0,0.0,0.0,0.0,1,8,0
v4,Q130,20,0.0,0.0,0.0,0.0,0,8,0
v4,Q130,21,0.0,0.0,0.0,0.0,0,8,0
v4,Q130,22,0.0,0.0,0.0,0.0,0,8,0
v4,Q130,23,1.0,0.125,0.2222222222222222,0.125,1,8,1
v4,Q130,24,0.0,0.0,0.0,0.0,1,8,0
v4,Q130,25,0.0,0.0,0.0,0.0,0,8,0
v4,Q131,1,1.0,0.2,0.33333333333333337,0.2,1,5,1
v4,Q131,2,1.0,0.2,0.33333333333333337,0.2,1,5,1
v4,Q131,3,1.0,0.2,0.33333333333333337,0.2,1,5,1
v4,Q131,4,1.0,0.2,0.33333333333333337,0.2,1,5,1
v4,Q131,5,0.0,0.0,0.0,0.0,0,5,0
v4,Q131,6,1.0,0.2,0.33333333333333337,0.2,1,5,1
v4,Q131,7,1.0,0.2,0.33333333333333337,0.2,1,5,1
v4,Q131,8,1.0,0.2,0.33333333333333337,0.2,1,5,1
v4,Q131,9,1.0,0.2,0.33333333333333337,0.2,1,5,1
v4,Q131,10,0.0,0.0,0.0,0.0,0,5,0
v4,Q131,11,0.0,0.0,0.0,0.0,0,5,0
v4,Q131,12,1.0,0.2,0.33333333333333337,0.2,1,5,1
v4,Q131,13,1.0,0.2,0.33333333333333337,0.2,1,5,1
v4,Q131,14,0.0,0.0,0.0,0.0,0,5,0
v4,Q131,15,1.0,0.2,0.33333333333333337,0.2,1,5,1
v4,Q131,16,1.0,0.2,0.33333333333333337,0.2,1,5,1
v4,Q131,17,0.0,0.0,0.0,0.0,0,5,0
v4,Q131,18,1.0,0.2,0.33333333333333337,0.2,1,5,1
v4,Q131,19,0.0,0.0,0.0,0.0,0,5,0
v4,Q131,20,1.0,0.2,0.33333333333333337,0.2,1,5,1
v4,Q131,21,1.0,0.2,0.33333333333333337,0.2,1,5,1
v4,Q131,22,1.0,0.2,0.33333333333333337,0.2,1,5,1
v4,Q131,23,1.0,0.2,0.33333333333333337,0.2,1,5,1
v4,Q131,24,1.0,0.2,0.33333333333333337,0.2,1,5,1
v4,Q131,25,1.0,0.2,0.33333333333333337,0.2,1,5,1
v4,Q132,1,0.0,0.0,0.0,0.0,1,7,0
v4,Q132,2,0.0,0.0,0.0,0.0,1,7,0
v4,Q132,3,0.0,0.0,0.0,0.0,1,7,0
v4,Q132,4,0.0,0.0,0.0,0.0,1,7,0
v4,Q132,5,0.0,0.0,0.0,0.0,1,7,0
v4,Q132,6,0.0,0.0,0.0,0.0,0,7,0
v4,Q132,7,0.0,0.0,0.0,0.0,1,7,0
v4,Q132,8,0.0,0.0,0.0,0.0,1,7,0
v4,Q132,9,0.0,0.0,0.0,0.0,1,7,0
v4,Q132,10,0.0,0.0,0.0,0.0,1,7,0
v4,Q132,11,0.0,0.0,0.0,0.0,1,7,0
v4,Q132,12,0.0,0.0,0.0,0.0,0,7,0
v4,Q132,13,1.0,0.14285714285714285,0.25,0.14285714285714285,1,7,1
v4,Q132,14,1.0,0.14285714285714285,0.25,0.14285714285714285,1,7,1
v4,Q132,15,0.0,0.0,0.0,0.0,0,7,0
v4,Q132,16,1.0,0.14285714285714285,0.25,0.14285714285714285,1,7,1
v4,Q132,17,0.0,0.0,0.0,0.0,1,7,0
v4,Q132,18,0.0,0.0,0.0,0.0,1,7,0
v4,Q132,19,0.0,0.0,0.0,0.0,1,7,0
v4,Q132,20,0.0,0.0,0.0,0.0,1,7,0
v4,Q132,21,0.0,0.0,0.0,0.0,1,7,0
v4,Q132,22,1.0,0.14285714285714285,0.25,0.14285714285714285,1,7,1
v4,Q132,23,0.0,0.0,0.0,0.0,1,7,0
v4,Q132,24,0.0,0.0,0.0,0.0,1,7,0
v4,Q132,25,0.0,0.0,0.0,0.0,1,7,0
v4,Q133,1,0.0,0.0,0.0,0.0,1,5,0
v4,Q133,2,0.0,0.0,0.0,0.0,1,5,0
v4,Q133,3,0.0,0.0,0.0,0.0,1,5,0
v4,Q133,4,0.0,0.0,0.0,0.0,1,5,0
v4,Q133,5,1.0,0.2,0.33333333333333337,0.2,1,5,1
v4,Q133,6,1.0,0.2,0.33333333333333337,0.2,1,5,1
v4,Q133,7,0.0,0.0,0.0,0.0,1,5,0
v4,Q133,8,1.0,0.2,0.33333333333333337,0.2,1,5,1
v4,Q133,9,0.0,0.0,0.0,0.0,1,5,0
v4,Q133,10,0.0,0.0,0.0,0.0,1,5,0
v4,Q133,11,0.0,0.0,0.0,0.0,0,5,0
v4,Q133,12,0.0,0.0,0.0,0.0,1,5,0
v4,Q133,13,0.0,0.0,0.0,0.0,1,5,0
v4,Q133,14,0.0,0.0,0.0,0.0,1,5,0
v4,Q133,15,0.0,0.0,0.0,0.0,1,5,0
v4,Q133,16,0.0,0.0,0.0,0.0,1,5,0
v4,Q133,17,0.0,0.0,0.0,0.0,1,5,0
v4,Q133,18,1.0,0.2,0.33333333333333337,0.2,1,5,1
v4,Q133,19,0.0,0.0,0.0,0.0,1,5,0
v4,Q133,20,0.0,0.0,0.0,0.0,0,5,0
v4,Q133,21,0.0,0.0,0.0,0.0,1,5,0
v4,Q133,22,0.0,0.0,0.0,0.0,0,5,0
v4,Q133,23,0.0,0.0,0.0,0.0,1,5,0
v4,Q133,24,0.0,0.0,0.0,0.0,1,5,0
v4,Q133,25,0.0,0.0,0.0,0.0,1,5,0
v4,Q134,1,0.0,0.0,0.0,0.0,1,7,0
v4,Q134,2,0.0,0.0,0.0,0.0,1,7,0
v4,Q134,3,0.0,0.0,0.0,0.0,1,7,0
v4,Q134,4,0.0,0.0,0.0,0.0,1,7,0
v4,Q134,5,0.0,0.0,0.0,0.0,1,7,0
v4,Q134,6,1.0,0.14285714285714285,0.25,0.14285714285714285,1,7,1
v4,Q134,7,0.0,0.0,0.0,0.0,1,7,0
v4,Q134,8,0.0,0.0,0.0,0.0,1,7,0
v4,Q134,9,1.0,0.14285714285714285,0.25,0.14285714285714285,1,7,1
v4,Q134,10,0.0,0.0,0.0,0.0,1,7,0
v4,Q134,11,0.0,0.0,0.0,0.0,1,7,0
v4,Q134,12,1.0,0.14285714285714285,0.25,0.14285714285714285,1,7,1
v4,Q134,13,0.0,0.0,0.0,0.0,1,7,0
v4,Q134,14,0.0,0.0,0.0,0.0,1,7,0
v4,Q134,15,0.0,0.0,0.0,0.0,1,7,0
v4,Q134,16,0.0,0.0,0.0,0.0,1,7,0
v4,Q134,17,0.0,0.0,0.0,0.0,0,7,0
v4,Q134,18,1.0,0.14285714285714285,0.25,0.14285714285714285,1,7,1
v4,Q134,19,0.0,0.0,0.0,0.0,1,7,0
v4,Q134,20,0.0,0.0,0.0,0.0,1,7,0
v4,Q134,21,0.0,0.0,0.0,0.0,1,7,0
v4,Q134,22,0.0,0.0,0.0,0.0,1,7,0
v4,Q134,23,0.0,0.0,0.0,0.0,1,7,0
v4,Q134,24,0.0,0.0,0.0,0.0,1,7,0
v4,Q134,25,1.0,0.14285714285714285,0.25,0.14285714285714285,1,7,1
v4,Q135,1,1.0,0.1111111111111111,0.19999999999999998,0.1111111111111111,1,9,1
v4,Q135,2,0.0,0.0,0.0,0.0,0,9,0
v4,Q135,3,1.0,0.1111111111111111,0.19999999999999998,0.1111111111111111,1,9,1
v4,Q135,4,0.0,0.0,0.0,0.0,0,9,0
v4,Q135,5,0.0,0.0,0.0,0.0,0,9,0
v4,Q135,6,1.0,0.1111111111111111,0.19999999999999998,0.1111111111111111,1,9,1
v4,Q135,7,1.0,0.1111111111111111,0.19999999999999998,0.1111111111111111,1,9,1
v4,Q135,8,0.0,0.0,0.0,0.0,0,9,0
v4,Q135,9,1.0,0.1111111111111111,0.19999999999999998,0.1111111111111111,1,9,1
v4,Q135,10,0.0,0.0,0.0,0.0,0,9,0
v4,Q135,11,0.0,0.0,0.0,0.0,0,9,0
v4,Q135,12,1.0,0.1111111111111111,0.19999999999999998,0.1111111111111111,1,9,1
v4,Q135,13,1.0,0.1111111111111111,0.19999999999999998,0.1111111111111111,1,9,1
v4,Q135,14,0.0,0.0,0.0,0.0,0,9,0
v4,Q135,15,0.0,0.0,0.0,0.0,0,9,0
v4,Q135,16,1.0,0.1111111111111111,0.19999999999999998,0.1111111111111111,1,9,1
v4,Q135,17,1.0,0.1111111111111111,0.19999999999999998,0.1111111111111111,1,9,1
v4,Q135,18,1.0,0.1111111111111111,0.19999999999999998,0.1111111111111111,1,9,1
v4,Q135,19,1.0,0.1111111111111111,0.19999999999999998,0.1111111111111111,1,9,1
v4,Q135,20,0.0,0.0,0.0,0.0,0,9,0
v4,Q135,21,1.0,0.1111111111111111,0.19999999999999998,0.1111111111111111,1,9,1
v4,Q135,22,1.0,0.1111111111111111,0.19999999999999998,0.1111111111111111,1,9,1
v4,Q135,23,0.0,0.0,0.0,0.0,0,9,0
v4,Q135,24,1.0,0.1111111111111111,0.19999999999999998,0.1111111111111111,1,9,1
v4,Q135,25,1.0,0.1111111111111111,0.19999999999999998,0.1111111111111111,1,9,1
v4,Q136,1,1.0,0.5,0.6666666666666666,0.5,1,2,1
v4,Q136,2,0.0,0.0,0.0,0.0,1,2,0
v4,Q136,3,1.0,0.5,0.6666666666666666,0.5,1,2,1
v4,Q136,4,0.0,0.0,0.0,0.0,0,2,0
v4,Q136,5,1.0,0.5,0.6666666666666666,0.5,1,2,1
v4,Q136,6,0.0,0.0,0.0,0.0,0,2,0
v4,Q136,7,0.0,0.0,0.0,0.0,0,2,0
v4,Q136,8,1.0,0.5,0.6666666666666666,0.5,1,2,1
v4,Q136,9,1.0,0.5,0.6666666666666666,0.5,1,2,1
v4,Q136,10,1.0,0.5,0.6666666666666666,0.5,1,2,1
v4,Q136,11,0.0,0.0,0.0,0.0,0,2,0
v4,Q136,12,0.0,0.0,0.0,0.0,0,2,0
v4,Q136,13,1.0,0.5,0.6666666666666666,0.5,1,2,1
v4,Q136,14,1.0,0.5,0.6666666666666666,0.5,1,2,1
v4,Q136,15,0.0,0.0,0.0,0.0,0,2,0
v4,Q136,16,0.0,0.0,0.0,0.0,0,2,0
v4,Q136,17,1.0,0.5,0.6666666666666666,0.5,1,2,1
v4,Q136,18,0.0,0.0,0.0,0.0,0,2,0
v4,Q136,19,1.0,0.5,0.6666666666666666,0.5,1,2,1
v4,Q136,20,1.0,0.5,0.6666666666666666,0.5,1,2,1
v4,Q136,21,1.0,0.5,0.6666666666666666,0.5,1,2,1
v4,Q136,22,0.0,0.0,0.0,0.0,0,2,0
v4,Q136,23,1.0,0.5,0.6666666666666666,0.5,1,2,1
v4,Q136,24,0.0,0.0,0.0,0.0,1,2,0
v4,Q136,25,1.0,0.5,0.6666666666666666,0.5,1,2,1
v4,Q137,1,0.0,0.0,0.0,0.0,1,5,0
v4,Q137,2,0.0,0.0,0.0,0.0,1,5,0
v4,Q137,3,0.0,0.0,0.0,0.0,1,5,0
v4,Q137,4,0.0,0.0,0.0,0.0,1,5,0
v4,Q137,5,0.0,0.0,0.0,0.0,1,5,0
v4,Q137,6,0.0,0.0,0.0,0.0,1,5,0
v4,Q137,7,0.0,0.0,0.0,0.0,1,5,0
v4,Q137,8,0.0,0.0,0.0,0.0,1,5,0
v4,Q137,9,0.0,0.0,0.0,0.0,1,5,0
v4,Q137,10,0.0,0.0,0.0,0.0,1,5,0
v4,Q137,11,0.0,0.0,0.0,0.0,1,5,0
v4,Q137,12,0.0,0.0,0.0,0.0,1,5,0
v4,Q137,13,0.0,0.0,0.0,0.0,1,5,0
v4,Q137,14,0.0,0.0,0.0,0.0,1,5,0
v4,Q137,15,0.0,0.0,0.0,0.0,1,5,0
v4,Q137,16,0.0,0.0,0.0,0.0,1,5,0
v4,Q137,17,0.0,0.0,0.0,0.0,1,5,0
v4,Q137,18,0.0,0.0,0.0,0.0,1,5,0
v4,Q137,19,0.0,0.0,0.0,0.0,1,5,0
v4,Q137,20,0.0,0.0,0.0,0.0,1,5,0
v4,Q137,21,0.0,0.0,0.0,0.0,1,5,0
v4,Q137,22,0.0,0.0,0.0,0.0,1,5,0
v4,Q137,23,0.0,0.0,0.0,0.0,1,5,0
v4,Q137,24,0.0,0.0,0.0,0.0,1,5,0
v4,Q137,25,0.0,0.0,0.0,0.0,1,5,0
v4,Q138,1,0.0,0.0,0.0,0.0,1,2,0
v4,Q138,2,0.0,0.0,0.0,0.0,1,2,0
v4,Q138,3,0.0,0.0,0.0,0.0,1,2,0
v4,Q138,4,0.0,0.0,0.0,0.0,1,2,0
v4,Q138,5,0.0,0.0,0.0,0.0,1,2,0
v4,Q138,6,0.0,0.0,0.0,0.0,1,2,0
v4,Q138,7,0.0,0.0,0.0,0.0,1,2,0
v4,Q138,8,0.0,0.0,0.0,0.0,1,2,0
v4,Q138,9,0.0,0.0,0.0,0.0,1,2,0
v4,Q138,10,0.0,0.0,0.0,0.0,1,2,0
v4,Q138,11,0.0,0.0,0.0,0.0,1,2,0
v4,Q138,12,0.0,0.0,0.0,0.0,1,2,0
v4,Q138,13,0.0,0.0,0.0,0.0,1,2,0
v4,Q138,14,0.0,0.0,0.0,0.0,1,2,0
v4,Q138,15,0.0,0.0,0.0,0.0,1,2,0
v4,Q138,16,0.0,0.0,0.0,0.0,1,2,0
v4,Q138,17,0.0,0.0,0.0,0.0,0,2,0
v4,Q138,18,0.0,0.0,0.0,0.0,1,2,0
v4,Q138,19,0.0,0.0,0.0,0.0,1,2,0
v4,Q138,20,0.0,0.0,0.0,0.0,1,2,0
v4,Q138,21,0.0,0.0,0.0,0.0,1,2,0
v4,Q138,22,0.0,0.0,0.0,0.0,1,2,0
v4,Q138,23,0.0,0.0,0.0,0.0,1,2,0
v4,Q138,24,0.0,0.0,0.0,0.0,1,2,0
v4,Q138,25,0.0,0.0,0.0,0.0,1,2,0
v4,Q139,1,0.0,0.0,0.0,0.0,1,3,0
v4,Q139,2,0.0,0.0,0.0,0.0,0,3,0
v4,Q139,3,0.0,0.0,0.0,0.0,1,3,0
v4,Q139,4,0.0,0.0,0.0,0.0,1,3,0
v4,Q139,5,0.0,0.0,0.0,0.0,1,3,0
v4,Q139,6,0.0,0.0,0.0,0.0,1,3,0
v4,Q139,7,0.0,0.0,0.0,0.0,1,3,0
v4,Q139,8,0.0,0.0,0.0,0.0,1,3,0
v4,Q139,9,0.0,0.0,0.0,0.0,1,3,0
v4,Q139,10,0.0,0.0,0.0,0.0,1,3,0
v4,Q139,11,0.0,0.0,0.0,0.0,1,3,0
v4,Q139,12,0.0,0.0,0.0,0.0,1,3,0
v4,Q139,13,0.0,0.0,0.0,0.0,1,3,0
v4,Q139,14,0.0,0.0,0.0,0.0,1,3,0
v4,Q139,15,0.0,0.0,0.0,0.0,1,3,0
v4,Q139,16,0.0,0.0,0.0,0.0,1,3,0
v4,Q139,17,0.0,0.0,0.0,0.0,1,3,0
v4,Q139,18,0.0,0.0,0.0,0.0,1,3,0
v4,Q139,19,0.0,0.0,0.0,0.0,1,3,0
v4,Q139,20,0.0,0.0,0.0,0.0,1,3,0
v4,Q139,21,0.0,0.0,0.0,0.0,1,3,0
v4,Q139,22,0.0,0.0,0.0,0.0,1,3,0
v4,Q139,23,0.0,0.0,0.0,0.0,1,3,0
v4,Q139,24,0.0,0.0,0.0,0.0,1,3,0
v4,Q139,25,0.0,0.0,0.0,0.0,1,3,0
v4,Q14,1,0.0,0.0,0.0,0.0,0,6,0
v4,Q14,2,0.0,0.0,0.0,0.0,0,6,0
v4,Q14,3,0.0,0.0,0.0,0.0,0,6,0
v4,Q14,4,0.0,0.0,0.0,0.0,0,6,0
v4,Q14,5,0.0,0.0,0.0,0.0,0,6,0
v4,Q14,6,0.0,0.0,0.0,0.0,0,6,0
v4,Q14,7,0.0,0.0,0.0,0.0,0,6,0
v4,Q14,8,0.0,0.0,0.0,0.0,0,6,0
v4,Q14,9,0.0,0.0,0.0,0.0,0,6,0
v4,Q14,10,0.0,0.0,0.0,0.0,0,6,0
v4,Q14,11,0.0,0.0,0.0,0.0,0,6,0
v4,Q14,12,0.0,0.0,0.0,0.0,0,6,0
v4,Q14,13,0.0,0.0,0.0,0.0,0,6,0
v4,Q14,14,0.0,0.0,0.0,0.0,0,6,0
v4,Q14,15,0.0,0.0,0.0,0.0,0,6,0
v4,Q14,16,0.0,0.0,0.0,0.0,0,6,0
v4,Q14,17,0.0,0.0,0.0,0.0,0,6,0
v4,Q14,18,0.0,0.0,0.0,0.0,0,6,0
v4,Q14,19,0.0,0.0,0.0,0.0,0,6,0
v4,Q14,20,0.0,0.0,0.0,0.0,0,6,0
v4,Q14,21,0.0,0.0,0.0,0.0,0,6,0
v4,Q14,22,0.0,0.0,0.0,0.0,0,6,0
v4,Q14,23,0.0,0.0,0.0,0.0,0,6,0
v4,Q14,24,0.0,0.0,0.0,0.0,0,6,0
v4,Q14,25,0.0,0.0,0.0,0.0,0,6,0
v4,Q140,1,0.0,0.0,0.0,0.0,1,2,0
v4,Q140,2,0.0,0.0,0.0,0.0,1,2,0
v4,Q140,3,0.0,0.0,0.0,0.0,1,2,0
v4,Q140,4,0.0,0.0,0.0,0.0,1,2,0
v4,Q140,5,0.0,0.0,0.0,0.0,1,2,0
v4,Q140,6,0.0,0.0,0.0,0.0,1,2,0
v4,Q140,7,0.0,0.0,0.0,0.0,1,2,0
v4,Q140,8,0.0,0.0,0.0,0.0,1,2,0
v4,Q140,9,0.0,0.0,0.0,0.0,1,2,0
v4,Q140,10,0.0,0.0,0.0,0.0,1,2,0
v4,Q140,11,0.0,0.0,0.0,0.0,1,2,0
v4,Q140,12,0.0,0.0,0.0,0.0,1,2,0
v4,Q140,13,0.0,0.0,0.0,0.0,1,2,0
v4,Q140,14,0.0,0.0,0.0,0.0,1,2,0
v4,Q140,15,0.0,0.0,0.0,0.0,1,2,0
v4,Q140,16,0.0,0.0,0.0,0.0,1,2,0
v4,Q140,17,0.0,0.0,0.0,0.0,1,2,0
v4,Q140,18,0.0,0.0,0.0,0.0,1,2,0
v4,Q140,19,0.0,0.0,0.0,0.0,1,2,0
v4,Q140,20,0.0,0.0,0.0,0.0,1,2,0
v4,Q140,21,0.0,0.0,0.0,0.0,1,2,0
v4,Q140,22,0.0,0.0,0.0,0.0,1,2,0
v4,Q140,23,0.0,0.0,0.0,0.0,1,2,0
v4,Q140,24,0.0,0.0,0.0,0.0,1,2,0
v4,Q140,25,0.0,0.0,0.0,0.0,1,2,0
v4,Q141,1,0.0,0.0,0.0,0.0,1,4,0
v4,Q141,2,0.0,0.0,0.0,0.0,1,4,0
v4,Q141,3,0.0,0.0,0.0,0.0,1,4,0
v4,Q141,4,0.0,0.0,0.0,0.0,1,4,0
v4,Q141,5,0.0,0.0,0.0,0.0,1,4,0
v4,Q141,6,0.0,0.0,0.0,0.0,1,4,0
v4,Q141,7,0.0,0.0,0.0,0.0,1,4,0
v4,Q141,8,0.0,0.0,0.0,0.0,1,4,0
v4,Q141,9,0.0,0.0,0.0,0.0,1,4,0
v4,Q141,10,0.0,0.0,0.0,0.0,1,4,0
v4,Q141,11,0.0,0.0,0.0,0.0,0,4,0
v4,Q141,12,0.0,0.0,0.0,0.0,1,4,0
v4,Q141,13,0.0,0.0,0.0,0.0,1,4,0
v4,Q141,14,0.0,0.0,0.0,0.0,1,4,0
v4,Q141,15,0.0,0.0,0.0,0.0,1,4,0
v4,Q141,16,0.0,0.0,0.0,0.0,1,4,0
v4,Q141,17,0.0,0.0,0.0,0.0,0,4,0
v4,Q141,18,0.0,0.0,0.0,0.0,1,4,0
v4,Q141,19,0.0,0.0,0.0,0.0,1,4,0
v4,Q141,20,0.0,0.0,0.0,0.0,1,4,0
v4,Q141,21,0.0,0.0,0.0,0.0,1,4,0
v4,Q141,22,0.0,0.0,0.0,0.0,1,4,0
v4,Q141,23,0.0,0.0,0.0,0.0,1,4,0
v4,Q141,24,0.0,0.0,0.0,0.0,1,4,0
v4,Q141,25,0.0,0.0,0.0,0.0,1,4,0
v4,Q142,1,0.0,0.0,0.0,0.0,0,2,0
v4,Q142,2,0.0,0.0,0.0,0.0,0,2,0
v4,Q142,3,0.0,0.0,0.0,0.0,0,2,0
v4,Q142,4,0.0,0.0,0.0,0.0,0,2,0
v4,Q142,5,0.0,0.0,0.0,0.0,0,2,0
v4,Q142,6,0.0,0.0,0.0,0.0,0,2,0
v4,Q142,7,0.0,0.0,0.0,0.0,0,2,0
v4,Q142,8,0.0,0.0,0.0,0.0,0,2,0
v4,Q142,9,0.0,0.0,0.0,0.0,0,2,0
v4,Q142,10,0.0,0.0,0.0,0.0,0,2,0
v4,Q142,11,0.0,0.0,0.0,0.0,0,2,0
v4,Q142,12,0.0,0.0,0.0,0.0,0,2,0
v4,Q142,13,0.0,0.0,0.0,0.0,0,2,0
v4,Q142,14,0.0,0.0,0.0,0.0,0,2,0
v4,Q142,15,0.0,0.0,0.0,0.0,0,2,0
v4,Q142,16,0.0,0.0,0.0,0.0,0,2,0
v4,Q142,17,0.0,0.0,0.0,0.0,0,2,0
v4,Q142,18,0.0,0.0,0.0,0.0,0,2,0
v4,Q142,19,0.0,0.0,0.0,0.0,0,2,0
v4,Q142,20,0.0,0.0,0.0,0.0,0,2,0
v4,Q142,21,0.0,0.0,0.0,0.0,0,2,0
v4,Q142,22,0.0,0.0,0.0,0.0,1,2,0
v4,Q142,23,0.0,0.0,0.0,0.0,0,2,0
v4,Q142,24,0.0,0.0,0.0,0.0,0,2,0
v4,Q142,25,0.0,0.0,0.0,0.0,0,2,0
v4,Q143,1,0.0,0.0,0.0,0.0,1,1,0
v4,Q143,2,0.0,0.0,0.0,0.0,1,1,0
v4,Q143,3,0.0,0.0,0.0,0.0,1,1,0
v4,Q143,4,0.0,0.0,0.0,0.0,1,1,0
v4,Q143,5,0.0,0.0,0.0,0.0,1,1,0
v4,Q143,6,0.0,0.0,0.0,0.0,1,1,0
v4,Q143,7,0.0,0.0,0.0,0.0,1,1,0
v4,Q143,8,0.0,0.0,0.0,0.0,1,1,0
v4,Q143,9,0.0,0.0,0.0,0.0,1,1,0
v4,Q143,10,0.0,0.0,0.0,0.0,1,1,0
v4,Q143,11,0.0,0.0,0.0,0.0,1,1,0
v4,Q143,12,0.0,0.0,0.0,0.0,1,1,0
v4,Q143,13,0.0,0.0,0.0,0.0,1,1,0
v4,Q143,14,0.0,0.0,0.0,0.0,1,1,0
v4,Q143,15,0.0,0.0,0.0,0.0,1,1,0
v4,Q143,16,0.0,0.0,0.0,0.0,1,1,0
v4,Q143,17,0.0,0.0,0.0,0.0,1,1,0
v4,Q143,18,0.0,0.0,0.0,0.0,1,1,0
v4,Q143,19,0.0,0.0,0.0,0.0,1,1,0
v4,Q143,20,0.0,0.0,0.0,0.0,1,1,0
v4,Q143,21,0.0,0.0,0.0,0.0,1,1,0
v4,Q143,22,0.0,0.0,0.0,0.0,1,1,0
v4,Q143,23,0.0,0.0,0.0,0.0,1,1,0
v4,Q143,24,0.0,0.0,0.0,0.0,1,1,0
v4,Q143,25,0.0,0.0,0.0,0.0,1,1,0
v4,Q144,1,0.0,0.0,0.0,0.0,1,2,0
v4,Q144,2,0.0,0.0,0.0,0.0,1,2,0
v4,Q144,3,0.0,0.0,0.0,0.0,1,2,0
v4,Q144,4,0.0,0.0,0.0,0.0,1,2,0
v4,Q144,5,0.0,0.0,0.0,0.0,1,2,0
v4,Q144,6,0.0,0.0,0.0,0.0,1,2,0
v4,Q144,7,0.0,0.0,0.0,0.0,1,2,0
v4,Q144,8,0.0,0.0,0.0,0.0,1,2,0
v4,Q144,9,0.0,0.0,0.0,0.0,1,2,0
v4,Q144,10,0.0,0.0,0.0,0.0,1,2,0
v4,Q144,11,0.0,0.0,0.0,0.0,1,2,0
v4,Q144,12,0.0,0.0,0.0,0.0,1,2,0
v4,Q144,13,0.0,0.0,0.0,0.0,1,2,0
v4,Q144,14,0.0,0.0,0.0,0.0,1,2,0
v4,Q144,15,0.0,0.0,0.0,0.0,1,2,0
v4,Q144,16,0.0,0.0,0.0,0.0,1,2,0
v4,Q144,17,0.0,0.0,0.0,0.0,1,2,0
v4,Q144,18,0.0,0.0,0.0,0.0,1,2,0
v4,Q144,19,0.0,0.0,0.0,0.0,1,2,0
v4,Q144,20,0.0,0.0,0.0,0.0,1,2,0
v4,Q144,21,0.0,0.0,0.0,0.0,1,2,0
v4,Q144,22,0.0,0.0,0.0,0.0,1,2,0
v4,Q144,23,0.0,0.0,0.0,0.0,1,2,0
v4,Q144,24,0.0,0.0,0.0,0.0,1,2,0
v4,Q144,25,0.0,0.0,0.0,0.0,1,2,0
v4,Q145,1,0.0,0.0,0.0,0.0,1,5,0
v4,Q145,2,0.0,0.0,0.0,0.0,1,5,0
v4,Q145,3,0.0,0.0,0.0,0.0,1,5,0
v4,Q145,4,0.0,0.0,0.0,0.0,1,5,0
v4,Q145,5,0.0,0.0,0.0,0.0,1,5,0
v4,Q145,6,0.0,0.0,0.0,0.0,1,5,0
v4,Q145,7,0.0,0.0,0.0,0.0,1,5,0
v4,Q145,8,0.0,0.0,0.0,0.0,1,5,0
v4,Q145,9,0.0,0.0,0.0,0.0,1,5,0
v4,Q145,10,0.0,0.0,0.0,0.0,1,5,0
v4,Q145,11,0.0,0.0,0.0,0.0,1,5,0
v4,Q145,12,0.0,0.0,0.0,0.0,1,5,0
v4,Q145,13,0.0,0.0,0.0,0.0,1,5,0
v4,Q145,14,0.0,0.0,0.0,0.0,1,5,0
v4,Q145,15,0.0,0.0,0.0,0.0,1,5,0
v4,Q145,16,0.0,0.0,0.0,0.0,1,5,0
v4,Q145,17,0.0,0.0,0.0,0.0,1,5,0
v4,Q145,18,0.0,0.0,0.0,0.0,1,5,0
v4,Q145,19,0.0,0.0,0.0,0.0,1,5,0
v4,Q145,20,0.0,0.0,0.0,0.0,1,5,0
v4,Q145,21,0.0,0.0,0.0,0.0,1,5,0
v4,Q145,22,0.0,0.0,0.0,0.0,1,5,0
v4,Q145,23,0.0,0.0,0.0,0.0,1,5,0
v4,Q145,24,0.0,0.0,0.0,0.0,1,5,0
v4,Q145,25,0.0,0.0,0.0,0.0,1,5,0
v4,Q146,1,0.0,0.0,0.0,0.0,1,2,0
v4,Q146,2,0.0,0.0,0.0,0.0,1,2,0
v4,Q146,3,0.0,0.0,0.0,0.0,1,2,0
v4,Q146,4,0.0,0.0,0.0,0.0,1,2,0
v4,Q146,5,0.0,0.0,0.0,0.0,1,2,0
v4,Q146,6,0.0,0.0,0.0,0.0,1,2,0
v4,Q146,7,0.0,0.0,0.0,0.0,1,2,0
v4,Q146,8,0.0,0.0,0.0,0.0,1,2,0
v4,Q146,9,0.0,0.0,0.0,0.0,1,2,0
v4,Q146,10,0.0,0.0,0.0,0.0,1,2,0
v4,Q146,11,0.0,0.0,0.0,0.0,1,2,0
v4,Q146,12,0.0,0.0,0.0,0.0,1,2,0
v4,Q146,13,0.0,0.0,0.0,0.0,1,2,0
v4,Q146,14,0.0,0.0,0.0,0.0,1,2,0
v4,Q146,15,0.0,0.0,0.0,0.0,1,2,0
v4,Q146,16,0.0,0.0,0.0,0.0,1,2,0
v4,Q146,17,0.0,0.0,0.0,0.0,1,2,0
v4,Q146,18,0.0,0.0,0.0,0.0,1,2,0
v4,Q146,19,0.0,0.0,0.0,0.0,1,2,0
v4,Q146,20,0.0,0.0,0.0,0.0,1,2,0
v4,Q146,21,0.0,0.0,0.0,0.0,1,2,0
v4,Q146,22,0.0,0.0,0.0,0.0,1,2,0
v4,Q146,23,0.0,0.0,0.0,0.0,1,2,0
v4,Q146,24,0.0,0.0,0.0,0.0,1,2,0
v4,Q146,25,0.0,0.0,0.0,0.0,1,2,0
v4,Q147,1,0.0,0.0,0.0,0.0,0,6,0
v4,Q147,2,0.0,0.0,0.0,0.0,0,6,0
v4,Q147,3,0.0,0.0,0.0,0.0,0,6,0
v4,Q147,4,0.0,0.0,0.0,0.0,0,6,0
v4,Q147,5,0.0,0.0,0.0,0.0,0,6,0
v4,Q147,6,0.0,0.0,0.0,0.0,0,6,0
v4,Q147,7,0.0,0.0,0.0,0.0,0,6,0
v4,Q147,8,0.0,0.0,0.0,0.0,0,6,0
v4,Q147,9,0.0,0.0,0.0,0.0,0,6,0
v4,Q147,10,0.0,0.0,0.0,0.0,0,6,0
v4,Q147,11,0.0,0.0,0.0,0.0,0,6,0
v4,Q147,12,0.0,0.0,0.0,0.0,0,6,0
v4,Q147,13,0.0,0.0,0.0,0.0,0,6,0
v4,Q147,14,0.0,0.0,0.0,0.0,0,6,0
v4,Q147,15,0.0,0.0,0.0,0.0,0,6,0
v4,Q147,16,0.0,0.0,0.0,0.0,0,6,0
v4,Q147,17,0.0,0.0,0.0,0.0,0,6,0
v4,Q147,18,0.0,0.0,0.0,0.0,0,6,0
v4,Q147,19,0.0,0.0,0.0,0.0,0,6,0
v4,Q147,20,0.0,0.0,0.0,0.0,0,6,0
v4,Q147,21,0.0,0.0,0.0,0.0,0,6,0
v4,Q147,22,0.0,0.0,0.0,0.0,0,6,0
v4,Q147,23,0.0,0.0,0.0,0.0,0,6,0
v4,Q147,24,0.0,0.0,0.0,0.0,0,6,0
v4,Q147,25,0.0,0.0,0.0,0.0,0,6,0
v4,Q148,1,0.0,0.0,0.0,0.0,0,7,0
v4,Q148,2,0.0,0.0,0.0,0.0,0,7,0
v4,Q148,3,0.0,0.0,0.0,0.0,0,7,0
v4,Q148,4,0.0,0.0,0.0,0.0,0,7,0
v4,Q148,5,0.0,0.0,0.0,0.0,0,7,0
v4,Q148,6,0.0,0.0,0.0,0.0,0,7,0
v4,Q148,7,0.0,0.0,0.0,0.0,0,7,0
v4,Q148,8,0.0,0.0,0.0,0.0,0,7,0
v4,Q148,9,0.0,0.0,0.0,0.0,0,7,0
v4,Q148,10,0.0,0.0,0.0,0.0,0,7,0
v4,Q148,11,0.0,0.0,0.0,0.0,0,7,0
v4,Q148,12,0.0,0.0,0.0,0.0,0,7,0
v4,Q148,13,0.0,0.0,0.0,0.0,0,7,0
v4,Q148,14,0.0,0.0,0.0,0.0,0,7,0
v4,Q148,15,0.0,0.0,0.0,0.0,0,7,0
v4,Q148,16,0.0,0.0,0.0,0.0,0,7,0
v4,Q148,17,0.0,0.0,0.0,0.0,0,7,0
v4,Q148,18,0.0,0.0,0.0,0.0,0,7,0
v4,Q148,19,0.0,0.0,0.0,0.0,0,7,0
v4,Q148,20,0.0,0.0,0.0,0.0,0,7,0
v4,Q148,21,0.0,0.0,0.0,0.0,0,7,0
v4,Q148,22,0.0,0.0,0.0,0.0,0,7,0
v4,Q148,23,0.0,0.0,0.0,0.0,0,7,0
v4,Q148,24,0.0,0.0,0.0,0.0,0,7,0
v4,Q148,25,0.0,0.0,0.0,0.0,0,7,0
v4,Q149,1,0.0,0.0,0.0,0.0,0,2,0
v4,Q149,2,0.0,0.0,0.0,0.0,0,2,0
v4,Q149,3,0.0,0.0,0.0,0.0,0,2,0
v4,Q149,4,0.0,0.0,0.0,0.0,0,2,0
v4,Q149,5,0.0,0.0,0.0,0.0,0,2,0
v4,Q149,6,0.0,0.0,0.0,0.0,0,2,0
v4,Q149,7,0.0,0.0,0.0,0.0,0,2,0
v4,Q149,8,0.0,0.0,0.0,0.0,0,2,0
v4,Q149,9,0.0,0.0,0.0,0.0,0,2,0
v4,Q149,10,0.0,0.0,0.0,0.0,0,2,0
v4,Q149,11,0.0,0.0,0.0,0.0,0,2,0
v4,Q149,12,0.0,0.0,0.0,0.0,0,2,0
v4,Q149,13,0.0,0.0,0.0,0.0,0,2,0
v4,Q149,14,0.0,0.0,0.0,0.0,0,2,0
v4,Q149,15,0.0,0.0,0.0,0.0,0,2,0
v4,Q149,16,0.0,0.0,0.0,0.0,0,2,0
v4,Q149,17,0.0,0.0,0.0,0.0,0,2,0
v4,Q149,18,0.0,0.0,0.0,0.0,0,2,0
v4,Q149,19,0.0,0.0,0.0,0.0,0,2,0
v4,Q149,20,0.0,0.0,0.0,0.0,0,2,0
v4,Q149,21,0.0,0.0,0.0,0.0,0,2,0
v4,Q149,22,0.0,0.0,0.0,0.0,0,2,0
v4,Q149,23,0.0,0.0,0.0,0.0,0,2,0
v4,Q149,24,0.0,0.0,0.0,0.0,0,2,0
v4,Q149,25,0.0,0.0,0.0,0.0,0,2,0
v4,Q15,1,0.0,0.0,0.0,0.0,1,2,0
v4,Q15,2,0.0,0.0,0.0,0.0,1,2,0
v4,Q15,3,0.0,0.0,0.0,0.0,1,2,0
v4,Q15,4,0.0,0.0,0.0,0.0,1,2,0
v4,Q15,5,0.0,0.0,0.0,0.0,1,2,0
v4,Q15,6,0.0,0.0,0.0,0.0,1,2,0
v4,Q15,7,0.0,0.0,0.0,0.0,1,2,0
v4,Q15,8,0.0,0.0,0.0,0.0,1,2,0
v4,Q15,9,0.0,0.0,0.0,0.0,1,2,0
v4,Q15,10,0.0,0.0,0.0,0.0,1,2,0
v4,Q15,11,0.0,0.0,0.0,0.0,1,2,0
v4,Q15,12,0.0,0.0,0.0,0.0,1,2,0
v4,Q15,13,0.0,0.0,0.0,0.0,1,2,0
v4,Q15,14,0.0,0.0,0.0,0.0,1,2,0
v4,Q15,15,0.0,0.0,0.0,0.0,1,2,0
v4,Q15,16,0.0,0.0,0.0,0.0,1,2,0
v4,Q15,17,0.0,0.0,0.0,0.0,1,2,0
v4,Q15,18,0.0,0.0,0.0,0.0,1,2,0
v4,Q15,19,0.0,0.0,0.0,0.0,1,2,0
v4,Q15,20,0.0,0.0,0.0,0.0,1,2,0
v4,Q15,21,0.0,0.0,0.0,0.0,1,2,0
v4,Q15,22,0.0,0.0,0.0,0.0,1,2,0
v4,Q15,23,0.0,0.0,0.0,0.0,1,2,0
v4,Q15,24,0.0,0.0,0.0,0.0,1,2,0
v4,Q15,25,0.0,0.0,0.0,0.0,1,2,0
v4,Q150,1,0.0,0.0,0.0,0.0,0,5,0
v4,Q150,2,0.0,0.0,0.0,0.0,0,5,0
v4,Q150,3,0.0,0.0,0.0,0.0,0,5,0
v4,Q150,4,0.0,0.0,0.0,0.0,0,5,0
v4,Q150,5,0.0,0.0,0.0,0.0,0,5,0
v4,Q150,6,0.0,0.0,0.0,0.0,0,5,0
v4,Q150,7,0.0,0.0,0.0,0.0,0,5,0
v4,Q150,8,0.0,0.0,0.0,0.0,0,5,0
v4,Q150,9,0.0,0.0,0.0,0.0,0,5,0
v4,Q150,10,0.0,0.0,0.0,0.0,0,5,0
v4,Q150,11,0.0,0.0,0.0,0.0,0,5,0
v4,Q150,12,0.0,0.0,0.0,0.0,0,5,0
v4,Q150,13,0.0,0.0,0.0,0.0,0,5,0
v4,Q150,14,0.0,0.0,0.0,0.0,0,5,0
v4,Q150,15,0.0,0.0,0.0,0.0,0,5,0
v4,Q150,16,0.0,0.0,0.0,0.0,0,5,0
v4,Q150,17,0.0,0.0,0.0,0.0,0,5,0
v4,Q150,18,0.0,0.0,0.0,0.0,0,5,0
v4,Q150,19,0.0,0.0,0.0,0.0,0,5,0
v4,Q150,20,0.0,0.0,0.0,0.0,0,5,0
v4,Q150,21,0.0,0.0,0.0,0.0,0,5,0
v4,Q150,22,0.0,0.0,0.0,0.0,0,5,0
v4,Q150,23,0.0,0.0,0.0,0.0,0,5,0
v4,Q150,24,0.0,0.0,0.0,0.0,0,5,0
v4,Q150,25,0.0,0.0,0.0,0.0,0,5,0
v4,Q151,1,0.0,0.0,0.0,0.0,0,1,0
v4,Q151,2,0.0,0.0,0.0,0.0,0,1,0
v4,Q151,3,0.0,0.0,0.0,0.0,0,1,0
v4,Q151,4,0.0,0.0,0.0,0.0,0,1,0
v4,Q151,5,0.0,0.0,0.0,0.0,0,1,0
v4,Q151,6,0.0,0.0,0.0,0.0,0,1,0
v4,Q151,7,0.0,0.0,0.0,0.0,0,1,0
v4,Q151,8,0.0,0.0,0.0,0.0,0,1,0
v4,Q151,9,0.0,0.0,0.0,0.0,0,1,0
v4,Q151,10,0.0,0.0,0.0,0.0,0,1,0
v4,Q151,11,0.0,0.0,0.0,0.0,0,1,0
v4,Q151,12,0.0,0.0,0.0,0.0,0,1,0
v4,Q151,13,0.0,0.0,0.0,0.0,0,1,0
v4,Q151,14,0.0,0.0,0.0,0.0,0,1,0
v4,Q151,15,0.0,0.0,0.0,0.0,0,1,0
v4,Q151,16,0.0,0.0,0.0,0.0,0,1,0
v4,Q151,17,0.0,0.0,0.0,0.0,0,1,0
v4,Q151,18,0.0,0.0,0.0,0.0,0,1,0
v4,Q151,19,0.0,0.0,0.0,0.0,0,1,0
v4,Q151,20,0.0,0.0,0.0,0.0,0,1,0
v4,Q151,21,0.0,0.0,0.0,0.0,0,1,0
v4,Q151,22,0.0,0.0,0.0,0.0,0,1,0
v4,Q151,23,0.0,0.0,0.0,0.0,0,1,0
v4,Q151,24,0.0,0.0,0.0,0.0,0,1,0
v4,Q151,25,0.0,0.0,0.0,0.0,0,1,0
v4,Q152,1,0.0,0.0,0.0,0.0,0,2,0
v4,Q152,2,0.0,0.0,0.0,0.0,0,2,0
v4,Q152,3,0.0,0.0,0.0,0.0,0,2,0
v4,Q152,4,0.0,0.0,0.0,0.0,0,2,0
v4,Q152,5,0.0,0.0,0.0,0.0,0,2,0
v4,Q152,6,0.0,0.0,0.0,0.0,0,2,0
v4,Q152,7,0.0,0.0,0.0,0.0,0,2,0
v4,Q152,8,0.0,0.0,0.0,0.0,0,2,0
v4,Q152,9,0.0,0.0,0.0,0.0,0,2,0
v4,Q152,10,0.0,0.0,0.0,0.0,0,2,0
v4,Q152,11,0.0,0.0,0.0,0.0,0,2,0
v4,Q152,12,0.0,0.0,0.0,0.0,0,2,0
v4,Q152,13,0.0,0.0,0.0,0.0,0,2,0
v4,Q152,14,0.0,0.0,0.0,0.0,0,2,0
v4,Q152,15,0.0,0.0,0.0,0.0,0,2,0
v4,Q152,16,0.0,0.0,0.0,0.0,0,2,0
v4,Q152,17,0.0,0.0,0.0,0.0,0,2,0
v4,Q152,18,0.0,0.0,0.0,0.0,0,2,0
v4,Q152,19,0.0,0.0,0.0,0.0,0,2,0
v4,Q152,20,0.0,0.0,0.0,0.0,0,2,0
v4,Q152,21,0.0,0.0,0.0,0.0,0,2,0
v4,Q152,22,0.0,0.0,0.0,0.0,0,2,0
v4,Q152,23,0.0,0.0,0.0,0.0,0,2,0
v4,Q152,24,0.0,0.0,0.0,0.0,0,2,0
v4,Q152,25,0.0,0.0,0.0,0.0,0,2,0
v4,Q153,1,0.0,0.0,0.0,0.0,0,10,0
v4,Q153,2,0.0,0.0,0.0,0.0,0,10,0
v4,Q153,3,0.0,0.0,0.0,0.0,0,10,0
v4,Q153,4,0.0,0.0,0.0,0.0,0,10,0
v4,Q153,5,0.0,0.0,0.0,0.0,0,10,0
v4,Q153,6,0.0,0.0,0.0,0.0,0,10,0
v4,Q153,7,0.0,0.0,0.0,0.0,0,10,0
v4,Q153,8,0.0,0.0,0.0,0.0,0,10,0
v4,Q153,9,0.0,0.0,0.0,0.0,0,10,0
v4,Q153,10,0.0,0.0,0.0,0.0,0,10,0
v4,Q153,11,0.0,0.0,0.0,0.0,0,10,0
v4,Q153,12,0.0,0.0,0.0,0.0,0,10,0
v4,Q153,13,0.0,0.0,0.0,0.0,0,10,0
v4,Q153,14,0.0,0.0,0.0,0.0,0,10,0
v4,Q153,15,0.0,0.0,0.0,0.0,0,10,0
v4,Q153,16,0.0,0.0,0.0,0.0,0,10,0
v4,Q153,17,0.0,0.0,0.0,0.0,0,10,0
v4,Q153,18,0.0,0.0,0.0,0.0,0,10,0
v4,Q153,19,0.0,0.0,0.0,0.0,0,10,0
v4,Q153,20,0.0,0.0,0.0,0.0,0,10,0
v4,Q153,21,0.0,0.0,0.0,0.0,0,10,0
v4,Q153,22,0.0,0.0,0.0,0.0,0,10,0
v4,Q153,23,0.0,0.0,0.0,0.0,0,10,0
v4,Q153,24,0.0,0.0,0.0,0.0,0,10,0
v4,Q153,25,0.0,0.0,0.0,0.0,0,10,0
v4,Q154,1,0.0,0.0,0.0,0.0,1,5,0
v4,Q154,2,0.0,0.0,0.0,0.0,1,5,0
v4,Q154,3,0.0,0.0,0.0,0.0,1,5,0
v4,Q154,4,0.0,0.0,0.0,0.0,1,5,0
v4,Q154,5,1.0,0.2,0.33333333333333337,0.2,1,5,1
v4,Q154,6,0.0,0.0,0.0,0.0,1,5,0
v4,Q154,7,0.0,0.0,0.0,0.0,1,5,0
v4,Q154,8,0.0,0.0,0.0,0.0,1,5,0
v4,Q154,9,0.0,0.0,0.0,0.0,1,5,0
v4,Q154,10,0.0,0.0,0.0,0.0,1,5,0
v4,Q154,11,0.0,0.0,0.0,0.0,1,5,0
v4,Q154,12,0.0,0.0,0.0,0.0,1,5,0
v4,Q154,13,0.0,0.0,0.0,0.0,1,5,0
v4,Q154,14,0.0,0.0,0.0,0.0,1,5,0
v4,Q154,15,0.0,0.0,0.0,0.0,1,5,0
v4,Q154,16,0.0,0.0,0.0,0.0,1,5,0
v4,Q154,17,0.0,0.0,0.0,0.0,1,5,0
v4,Q154,18,0.0,0.0,0.0,0.0,1,5,0
v4,Q154,19,0.0,0.0,0.0,0.0,1,5,0
v4,Q154,20,0.0,0.0,0.0,0.0,1,5,0
v4,Q154,21,0.0,0.0,0.0,0.0,1,5,0
v4,Q154,22,0.0,0.0,0.0,0.0,1,5,0
v4,Q154,23,0.0,0.0,0.0,0.0,1,5,0
v4,Q154,24,0.0,0.0,0.0,0.0,1,5,0
v4,Q154,25,0.0,0.0,0.0,0.0,1,5,0
v4,Q155,1,0.0,0.0,0.0,0.0,0,4,0
v4,Q155,2,0.0,0.0,0.0,0.0,0,4,0
v4,Q155,3,0.0,0.0,0.0,0.0,0,4,0
v4,Q155,4,0.0,0.0,0.0,0.0,0,4,0
v4,Q155,5,0.0,0.0,0.0,0.0,0,4,0
v4,Q155,6,0.0,0.0,0.0,0.0,0,4,0
v4,Q155,7,0.0,0.0,0.0,0.0,0,4,0
v4,Q155,8,0.0,0.0,0.0,0.0,0,4,0
v4,Q155,9,0.0,0.0,0.0,0.0,0,4,0
v4,Q155,10,0.0,0.0,0.0,0.0,0,4,0
v4,Q155,11,0.0,0.0,0.0,0.0,0,4,0
v4,Q155,12,0.0,0.0,0.0,0.0,0,4,0
v4,Q155,13,0.0,0.0,0.0,0.0,0,4,0
v4,Q155,14,0.0,0.0,0.0,0.0,0,4,0
v4,Q155,15,0.0,0.0,0.0,0.0,0,4,0
v4,Q155,16,0.0,0.0,0.0,0.0,0,4,0
v4,Q155,17,0.0,0.0,0.0,0.0,0,4,0
v4,Q155,18,0.0,0.0,0.0,0.0,0,4,0
v4,Q155,19,0.0,0.0,0.0,0.0,0,4,0
v4,Q155,20,0.0,0.0,0.0,0.0,0,4,0
v4,Q155,21,0.0,0.0,0.0,0.0,0,4,0
v4,Q155,22,0.0,0.0,0.0,0.0,0,4,0
v4,Q155,23,0.0,0.0,0.0,0.0,0,4,0
v4,Q155,24,0.0,0.0,0.0,0.0,0,4,0
v4,Q155,25,0.0,0.0,0.0,0.0,0,4,0
v4,Q156,1,0.0,0.0,0.0,0.0,1,5,0
v4,Q156,2,0.0,0.0,0.0,0.0,1,5,0
v4,Q156,3,0.0,0.0,0.0,0.0,1,5,0
v4,Q156,4,0.0,0.0,0.0,0.0,1,5,0
v4,Q156,5,0.0,0.0,0.0,0.0,1,5,0
v4,Q156,6,0.0,0.0,0.0,0.0,1,5,0
v4,Q156,7,0.0,0.0,0.0,0.0,1,5,0
v4,Q156,8,0.0,0.0,0.0,0.0,1,5,0
v4,Q156,9,0.0,0.0,0.0,0.0,1,5,0
v4,Q156,10,0.0,0.0,0.0,0.0,1,5,0
v4,Q156,11,0.0,0.0,0.0,0.0,1,5,0
v4,Q156,12,0.0,0.0,0.0,0.0,1,5,0
v4,Q156,13,0.0,0.0,0.0,0.0,1,5,0
v4,Q156,14,0.0,0.0,0.0,0.0,1,5,0
v4,Q156,15,0.0,0.0,0.0,0.0,1,5,0
v4,Q156,16,0.0,0.0,0.0,0.0,1,5,0
v4,Q156,17,0.0,0.0,0.0,0.0,1,5,0
v4,Q156,18,0.0,0.0,0.0,0.0,1,5,0
v4,Q156,19,0.0,0.0,0.0,0.0,1,5,0
v4,Q156,20,0.0,0.0,0.0,0.0,1,5,0
v4,Q156,21,0.0,0.0,0.0,0.0,1,5,0
v4,Q156,22,0.0,0.0,0.0,0.0,1,5,0
v4,Q156,23,0.0,0.0,0.0,0.0,1,5,0
v4,Q156,24,0.0,0.0,0.0,0.0,1,5,0
v4,Q156,25,0.0,0.0,0.0,0.0,1,5,0
v4,Q157,1,1.0,0.25,0.4,0.25,1,4,1
v4,Q157,2,1.0,0.25,0.4,0.25,1,4,1
v4,Q157,3,1.0,0.25,0.4,0.25,1,4,1
v4,Q157,4,1.0,0.25,0.4,0.25,1,4,1
v4,Q157,5,1.0,0.25,0.4,0.25,1,4,1
v4,Q157,6,1.0,0.25,0.4,0.25,1,4,1
v4,Q157,7,1.0,0.25,0.4,0.25,1,4,1
v4,Q157,8,1.0,0.25,0.4,0.25,1,4,1
v4,Q157,9,1.0,0.25,0.4,0.25,1,4,1
v4,Q157,10,1.0,0.25,0.4,0.25,1,4,1
v4,Q157,11,1.0,0.25,0.4,0.25,1,4,1
v4,Q157,12,1.0,0.25,0.4,0.25,1,4,1
v4,Q157,13,1.0,0.25,0.4,0.25,1,4,1
v4,Q157,14,1.0,0.25,0.4,0.25,1,4,1
v4,Q157,15,1.0,0.25,0.4,0.25,1,4,1
v4,Q157,16,0.0,0.0,0.0,0.0,1,4,0
v4,Q157,17,1.0,0.25,0.4,0.25,1,4,1
v4,Q157,18,1.0,0.25,0.4,0.25,1,4,1
v4,Q157,19,1.0,0.25,0.4,0.25,1,4,1
v4,Q157,20,1.0,0.25,0.4,0.25,1,4,1
v4,Q157,21,1.0,0.25,0.4,0.25,1,4,1
v4,Q157,22,1.0,0.25,0.4,0.25,1,4,1
v4,Q157,23,1.0,0.25,0.4,0.25,1,4,1
v4,Q157,24,0.0,0.0,0.0,0.0,1,4,0
v4,Q157,25,1.0,0.25,0.4,0.25,1,4,1
v4,Q158,1,0.0,0.0,0.0,0.0,1,4,0
v4,Q158,2,0.0,0.0,0.0,0.0,1,4,0
v4,Q158,3,0.0,0.0,0.0,0.0,1,4,0
v4,Q158,4,0.0,0.0,0.0,0.0,1,4,0
v4,Q158,5,0.0,0.0,0.0,0.0,1,4,0
v4,Q158,6,0.0,0.0,0.0,0.0,1,4,0
v4,Q158,7,0.0,0.0,0.0,0.0,1,4,0
v4,Q158,8,0.0,0.0,0.0,0.0,1,4,0
v4,Q158,9,0.0,0.0,0.0,0.0,1,4,0
v4,Q158,10,0.0,0.0,0.0,0.0,1,4,0
v4,Q158,11,0.0,0.0,0.0,0.0,1,4,0
v4,Q158,12,0.0,0.0,0.0,0.0,1,4,0
v4,Q158,13,0.0,0.0,0.0,0.0,1,4,0
v4,Q158,14,0.0,0.0,0.0,0.0,1,4,0
v4,Q158,15,0.0,0.0,0.0,0.0,1,4,0
v4,Q158,16,0.0,0.0,0.0,0.0,1,4,0
v4,Q158,17,0.0,0.0,0.0,0.0,1,4,0
v4,Q158,18,0.0,0.0,0.0,0.0,1,4,0
v4,Q158,19,0.0,0.0,0.0,0.0,1,4,0
v4,Q158,20,0.0,0.0,0.0,0.0,1,4,0
v4,Q158,21,0.0,0.0,0.0,0.0,1,4,0
v4,Q158,22,0.0,0.0,0.0,0.0,1,4,0
v4,Q158,23,0.0,0.0,0.0,0.0,1,4,0
v4,Q158,24,0.0,0.0,0.0,0.0,1,4,0
v4,Q158,25,0.0,0.0,0.0,0.0,1,4,0
v4,Q159,1,0.0,0.0,0.0,0.0,0,5,0
v4,Q159,2,0.0,0.0,0.0,0.0,1,5,0
v4,Q159,3,1.0,0.2,0.33333333333333337,0.2,1,5,1
v4,Q159,4,1.0,0.2,0.33333333333333337,0.2,1,5,1
v4,Q159,5,0.0,0.0,0.0,0.0,0,5,0
v4,Q159,6,1.0,0.2,0.33333333333333337,0.2,1,5,1
v4,Q159,7,0.0,0.0,0.0,0.0,0,5,0
v4,Q159,8,1.0,0.2,0.33333333333333337,0.2,1,5,1
v4,Q159,9,1.0,0.2,0.33333333333333337,0.2,1,5,1
v4,Q159,10,0.0,0.0,0.0,0.0,0,5,0
v4,Q159,11,1.0,0.2,0.33333333333333337,0.2,1,5,1
v4,Q159,12,1.0,0.2,0.33333333333333337,0.2,1,5,1
v4,Q159,13,1.0,0.2,0.33333333333333337,0.2,1,5,1
v4,Q159,14,0.0,0.0,0.0,0.0,0,5,0
v4,Q159,15,1.0,0.2,0.33333333333333337,0.2,1,5,1
v4,Q159,16,0.0,0.0,0.0,0.0,0,5,0
v4,Q159,17,1.0,0.2,0.33333333333333337,0.2,1,5,1
v4,Q159,18,0.0,0.0,0.0,0.0,1,5,0
v4,Q159,19,1.0,0.2,0.33333333333333337,0.2,1,5,1
v4,Q159,20,0.0,0.0,0.0,0.0,0,5,0
v4,Q159,21,0.0,0.0,0.0,0.0,0,5,0
v4,Q159,22,0.0,0.0,0.0,0.0,1,5,0
v4,Q159,23,0.0,0.0,0.0,0.0,1,5,0
v4,Q159,24,0.0,0.0,0.0,0.0,0,5,0
v4,Q159,25,0.0,0.0,0.0,0.0,0,5,0
v4,Q16,1,0.0,0.0,0.0,0.0,0,1,0
v4,Q16,2,0.0,0.0,0.0,0.0,0,1,0
v4,Q16,3,0.0,0.0,0.0,0.0,0,1,0
v4,Q16,4,0.0,0.0,0.0,0.0,0,1,0
v4,Q16,5,0.0,0.0,0.0,0.0,0,1,0
v4,Q16,6,0.0,0.0,0.0,0.0,0,1,0
v4,Q16,7,0.0,0.0,0.0,0.0,0,1,0
v4,Q16,8,0.0,0.0,0.0,0.0,0,1,0
v4,Q16,9,0.0,0.0,0.0,0.0,0,1,0
v4,Q16,10,0.0,0.0,0.0,0.0,0,1,0
v4,Q16,11,0.0,0.0,0.0,0.0,0,1,0
v4,Q16,12,0.0,0.0,0.0,0.0,0,1,0
v4,Q16,13,0.0,0.0,0.0,0.0,0,1,0
v4,Q16,14,0.0,0.0,0.0,0.0,0,1,0
v4,Q16,15,0.0,0.0,0.0,0.0,0,1,0
v4,Q16,16,0.0,0.0,0.0,0.0,0,1,0
v4,Q16,17,0.0,0.0,0.0,0.0,0,1,0
v4,Q16,18,0.0,0.0,0.0,0.0,0,1,0
v4,Q16,19,0.0,0.0,0.0,0.0,0,1,0
v4,Q16,20,0.0,0.0,0.0,0.0,0,1,0
v4,Q16,21,0.0,0.0,0.0,0.0,0,1,0
v4,Q16,22,0.0,0.0,0.0,0.0,0,1,0
v4,Q16,23,0.0,0.0,0.0,0.0,0,1,0
v4,Q16,24,0.0,0.0,0.0,0.0,0,1,0
v4,Q16,25,0.0,0.0,0.0,0.0,0,1,0
v4,Q160,1,1.0,0.14285714285714285,0.25,0.14285714285714285,1,7,1
v4,Q160,2,0.0,0.0,0.0,0.0,1,7,0
v4,Q160,3,1.0,0.14285714285714285,0.25,0.14285714285714285,1,7,1
v4,Q160,4,0.0,0.0,0.0,0.0,0,7,0
v4,Q160,5,0.0,0.0,0.0,0.0,1,7,0
v4,Q160,6,0.0,0.0,0.0,0.0,1,7,0
v4,Q160,7,1.0,0.14285714285714285,0.25,0.14285714285714285,1,7,1
v4,Q160,8,1.0,0.14285714285714285,0.25,0.14285714285714285,1,7,1
v4,Q160,9,1.0,0.14285714285714285,0.25,0.14285714285714285,1,7,1
v4,Q160,10,1.0,0.14285714285714285,0.25,0.14285714285714285,1,7,1
v4,Q160,11,1.0,0.14285714285714285,0.25,0.14285714285714285,1,7,1
v4,Q160,12,0.0,0.0,0.0,0.0,1,7,0
v4,Q160,13,1.0,0.14285714285714285,0.25,0.14285714285714285,1,7,1
v4,Q160,14,1.0,0.14285714285714285,0.25,0.14285714285714285,1,7,1
v4,Q160,15,0.0,0.0,0.0,0.0,0,7,0
v4,Q160,16,1.0,0.14285714285714285,0.25,0.14285714285714285,1,7,1
v4,Q160,17,0.0,0.0,0.0,0.0,1,7,0
v4,Q160,18,0.0,0.0,0.0,0.0,1,7,0
v4,Q160,19,1.0,0.14285714285714285,0.25,0.14285714285714285,1,7,1
v4,Q160,20,1.0,0.14285714285714285,0.25,0.14285714285714285,1,7,1
v4,Q160,21,1.0,0.14285714285714285,0.25,0.14285714285714285,1,7,1
v4,Q160,22,0.0,0.0,0.0,0.0,1,7,0
v4,Q160,23,1.0,0.14285714285714285,0.25,0.14285714285714285,1,7,1
v4,Q160,24,0.0,0.0,0.0,0.0,0,7,0
v4,Q160,25,0.0,0.0,0.0,0.0,1,7,0
v4,Q161,1,0.0,0.0,0.0,0.0,0,7,0
v4,Q161,2,0.0,0.0,0.0,0.0,0,7,0
v4,Q161,3,0.0,0.0,0.0,0.0,0,7,0
v4,Q161,4,0.0,0.0,0.0,0.0,0,7,0
v4,Q161,5,0.0,0.0,0.0,0.0,0,7,0
v4,Q161,6,0.0,0.0,0.0,0.0,0,7,0
v4,Q161,7,1.0,0.14285714285714285,0.25,0.14285714285714285,1,7,1
v4,Q161,8,0.0,0.0,0.0,0.0,0,7,0
v4,Q161,9,0.0,0.0,0.0,0.0,0,7,0
v4,Q161,10,0.0,0.0,0.0,0.0,0,7,0
v4,Q161,11,0.0,0.0,0.0,0.0,0,7,0
v4,Q161,12,0.0,0.0,0.0,0.0,0,7,0
v4,Q161,13,0.0,0.0,0.0,0.0,0,7,0
v4,Q161,14,0.0,0.0,0.0,0.0,0,7,0
v4,Q161,15,1.0,0.14285714285714285,0.25,0.14285714285714285,1,7,1
v4,Q161,16,0.0,0.0,0.0,0.0,0,7,0
v4,Q161,17,0.0,0.0,0.0,0.0,0,7,0
v4,Q161,18,0.0,0.0,0.0,0.0,0,7,0
v4,Q161,19,0.0,0.0,0.0,0.0,0,7,0
v4,Q161,20,0.0,0.0,0.0,0.0,0,7,0
v4,Q161,21,0.0,0.0,0.0,0.0,0,7,0
v4,Q161,22,0.0,0.0,0.0,0.0,0,7,0
v4,Q161,23,0.0,0.0,0.0,0.0,0,7,0
v4,Q161,24,0.0,0.0,0.0,0.0,0,7,0
v4,Q161,25,0.0,0.0,0.0,0.0,0,7,0
v4,Q162,1,0.0,0.0,0.0,0.0,0,10,0
v4,Q162,2,0.0,0.0,0.0,0.0,1,10,0
v4,Q162,3,0.0,0.0,0.0,0.0,1,10,0
v4,Q162,4,0.0,0.0,0.0,0.0,0,10,0
v4,Q162,5,0.0,0.0,0.0,0.0,0,10,0
v4,Q162,6,0.0,0.0,0.0,0.0,0,10,0
v4,Q162,7,0.0,0.0,0.0,0.0,0,10,0
v4,Q162,8,0.0,0.0,0.0,0.0,0,10,0
v4,Q162,9,0.0,0.0,0.0,0.0,0,10,0
v4,Q162,10,0.0,0.0,0.0,0.0,0,10,0
v4,Q162,11,0.0,0.0,0.0,0.0,1,10,0
v4,Q162,12,0.0,0.0,0.0,0.0,0,10,0
v4,Q162,13,0.0,0.0,0.0,0.0,1,10,0
v4,Q162,14,0.0,0.0,0.0,0.0,0,10,0
v4,Q162,15,0.0,0.0,0.0,0.0,1,10,0
v4,Q162,16,0.0,0.0,0.0,0.0,1,10,0
v4,Q162,17,0.0,0.0,0.0,0.0,1,10,0
v4,Q162,18,0.0,0.0,0.0,0.0,0,10,0
v4,Q162,19,0.0,0.0,0.0,0.0,1,10,0
v4,Q162,20,0.0,0.0,0.0,0.0,0,10,0
v4,Q162,21,1.0,0.1,0.18181818181818182,0.1,1,10,1
v4,Q162,22,1.0,0.1,0.18181818181818182,0.1,1,10,1
v4,Q162,23,0.0,0.0,0.0,0.0,0,10,0
v4,Q162,24,0.0,0.0,0.0,0.0,0,10,0
v4,Q162,25,0.0,0.0,0.0,0.0,1,10,0
v4,Q163,1,1.0,0.14285714285714285,0.25,0.14285714285714285,1,7,1
v4,Q163,2,0.0,0.0,0.0,0.0,1,7,0
v4,Q163,3,0.0,0.0,0.0,0.0,0,7,0
v4,Q163,4,0.0,0.0,0.0,0.0,0,7,0
v4,Q163,5,0.0,0.0,0.0,0.0,0,7,0
v4,Q163,6,0.0,0.0,0.0,0.0,0,7,0
v4,Q163,7,0.0,0.0,0.0,0.0,0,7,0
v4,Q163,8,1.0,0.14285714285714285,0.25,0.14285714285714285,1,7,1
v4,Q163,9,0.0,0.0,0.0,0.0,1,7,0
v4,Q163,10,0.0,0.0,0.0,0.0,0,7,0
v4,Q163,11,0.0,0.0,0.0,0.0,0,7,0
v4,Q163,12,1.0,0.14285714285714285,0.25,0.14285714285714285,1,7,1
v4,Q163,13,0.0,0.0,0.0,0.0,0,7,0
v4,Q163,14,1.0,0.14285714285714285,0.25,0.14285714285714285,1,7,1
v4,Q163,15,0.0,0.0,0.0,0.0,0,7,0
v4,Q163,16,0.0,0.0,0.0,0.0,0,7,0
v4,Q163,17,1.0,0.14285714285714285,0.25,0.14285714285714285,1,7,1
v4,Q163,18,0.0,0.0,0.0,0.0,0,7,0
v4,Q163,19,0.0,0.0,0.0,0.0,0,7,0
v4,Q163,20,0.0,0.0,0.0,0.0,0,7,0
v4,Q163,21,0.0,0.0,0.0,0.0,0,7,0
v4,Q163,22,0.0,0.0,0.0,0.0,0,7,0
v4,Q163,23,0.0,0.0,0.0,0.0,0,7,0
v4,Q163,24,0.0,0.0,0.0,0.0,0,7,0
v4,Q163,25,0.0,0.0,0.0,0.0,0,7,0
v4,Q17,1,0.0,0.0,0.0,0.0,0,1,0
v4,Q17,2,0.0,0.0,0.0,0.0,0,1,0
v4,Q17,3,0.0,0.0,0.0,0.0,0,1,0
v4,Q17,4,0.0,0.0,0.0,0.0,0,1,0
v4,Q17,5,0.0,0.0,0.0,0.0,0,1,0
v4,Q17,6,0.0,0.0,0.0,0.0,0,1,0
v4,Q17,7,0.0,0.0,0.0,0.0,0,1,0
v4,Q17,8,0.0,0.0,0.0,0.0,0,1,0
v4,Q17,9,0.0,0.0,0.0,0.0,0,1,0
v4,Q17,10,0.0,0.0,0.0,0.0,0,1,0
v4,Q17,11,0.0,0.0,0.0,0.0,0,1,0
v4,Q17,12,0.0,0.0,0.0,0.0,0,1,0
v4,Q17,13,0.0,0.0,0.0,0.0,0,1,0
v4,Q17,14,0.0,0.0,0.0,0.0,0,1,0
v4,Q17,15,0.0,0.0,0.0,0.0,0,1,0
v4,Q17,16,0.0,0.0,0.0,0.0,0,1,0
v4,Q17,17,0.0,0.0,0.0,0.0,0,1,0
v4,Q17,18,0.0,0.0,0.0,0.0,0,1,0
v4,Q17,19,0.0,0.0,0.0,0.0,0,1,0
v4,Q17,20,0.0,0.0,0.0,0.0,0,1,0
v4,Q17,21,0.0,0.0,0.0,0.0,0,1,0
v4,Q17,22,0.0,0.0,0.0,0.0,0,1,0
v4,Q17,23,0.0,0.0,0.0,0.0,0,1,0
v4,Q17,24,0.0,0.0,0.0,0.0,0,1,0
v4,Q17,25,0.0,0.0,0.0,0.0,0,1,0
v4,Q18,1,0.0,0.0,0.0,0.0,0,1,0
v4,Q18,2,0.0,0.0,0.0,0.0,0,1,0
v4,Q18,3,0.0,0.0,0.0,0.0,0,1,0
v4,Q18,4,0.0,0.0,0.0,0.0,0,1,0
v4,Q18,5,0.0,0.0,0.0,0.0,0,1,0
v4,Q18,6,0.0,0.0,0.0,0.0,0,1,0
v4,Q18,7,0.0,0.0,0.0,0.0,0,1,0
v4,Q18,8,0.0,0.0,0.0,0.0,0,1,0
v4,Q18,9,0.0,0.0,0.0,0.0,0,1,0
v4,Q18,10,0.0,0.0,0.0,0.0,0,1,0
v4,Q18,11,0.0,0.0,0.0,0.0,0,1,0
v4,Q18,12,0.0,0.0,0.0,0.0,0,1,0
v4,Q18,13,0.0,0.0,0.0,0.0,0,1,0
v4,Q18,14,0.0,0.0,0.0,0.0,0,1,0
v4,Q18,15,0.0,0.0,0.0,0.0,0,1,0
v4,Q18,16,0.0,0.0,0.0,0.0,0,1,0
v4,Q18,17,0.0,0.0,0.0,0.0,0,1,0
v4,Q18,18,0.0,0.0,0.0,0.0,0,1,0
v4,Q18,19,0.0,0.0,0.0,0.0,0,1,0
v4,Q18,20,0.0,0.0,0.0,0.0,0,1,0
v4,Q18,21,0.0,0.0,0.0,0.0,0,1,0
v4,Q18,22,0.0,0.0,0.0,0.0,0,1,0
v4,Q18,23,0.0,0.0,0.0,0.0,0,1,0
v4,Q18,24,0.0,0.0,0.0,0.0,0,1,0
v4,Q18,25,0.0,0.0,0.0,0.0,0,1,0
v4,Q19,1,0.0,0.0,0.0,0.0,0,1,0
v4,Q19,2,0.0,0.0,0.0,0.0,0,1,0
v4,Q19,3,0.0,0.0,0.0,0.0,0,1,0
v4,Q19,4,0.0,0.0,0.0,0.0,0,1,0
v4,Q19,5,0.0,0.0,0.0,0.0,0,1,0
v4,Q19,6,0.0,0.0,0.0,0.0,0,1,0
v4,Q19,7,0.0,0.0,0.0,0.0,0,1,0
v4,Q19,8,0.0,0.0,0.0,0.0,0,1,0
v4,Q19,9,0.0,0.0,0.0,0.0,0,1,0
v4,Q19,10,0.0,0.0,0.0,0.0,0,1,0
v4,Q19,11,0.0,0.0,0.0,0.0,0,1,0
v4,Q19,12,0.0,0.0,0.0,0.0,0,1,0
v4,Q19,13,0.0,0.0,0.0,0.0,0,1,0
v4,Q19,14,0.0,0.0,0.0,0.0,0,1,0
v4,Q19,15,0.0,0.0,0.0,0.0,0,1,0
v4,Q19,16,0.0,0.0,0.0,0.0,0,1,0
v4,Q19,17,0.0,0.0,0.0,0.0,0,1,0
v4,Q19,18,0.0,0.0,0.0,0.0,0,1,0
v4,Q19,19,0.0,0.0,0.0,0.0,0,1,0
v4,Q19,20,0.0,0.0,0.0,0.0,0,1,0
v4,Q19,21,0.0,0.0,0.0,0.0,0,1,0
v4,Q19,22,0.0,0.0,0.0,0.0,0,1,0
v4,Q19,23,0.0,0.0,0.0,0.0,0,1,0
v4,Q19,24,0.0,0.0,0.0,0.0,0,1,0
v4,Q19,25,0.0,0.0,0.0,0.0,0,1,0
v4,Q2,1,0.0,0.0,0.0,0.0,1,5,0
v4,Q2,2,0.0,0.0,0.0,0.0,0,5,0
v4,Q2,3,0.0,0.0,0.0,0.0,1,5,0
v4,Q2,4,0.0,0.0,0.0,0.0,1,5,0
v4,Q2,5,0.0,0.0,0.0,0.0,1,5,0
v4,Q2,6,0.0,0.0,0.0,0.0,1,5,0
v4,Q2,7,0.0,0.0,0.0,0.0,1,5,0
v4,Q2,8,0.0,0.0,0.0,0.0,0,5,0
v4,Q2,9,0.0,0.0,0.0,0.0,1,5,0
v4,Q2,10,0.0,0.0,0.0,0.0,1,5,0
v4,Q2,11,0.0,0.0,0.0,0.0,1,5,0
v4,Q2,12,0.0,0.0,0.0,0.0,1,5,0
v4,Q2,13,0.0,0.0,0.0,0.0,0,5,0
v4,Q2,14,0.0,0.0,0.0,0.0,0,5,0
v4,Q2,15,0.0,0.0,0.0,0.0,0,5,0
v4,Q2,16,0.0,0.0,0.0,0.0,1,5,0
v4,Q2,17,0.0,0.0,0.0,0.0,0,5,0
v4,Q2,18,0.0,0.0,0.0,0.0,0,5,0
v4,Q2,19,0.0,0.0,0.0,0.0,1,5,0
v4,Q2,20,0.0,0.0,0.0,0.0,0,5,0
v4,Q2,21,0.0,0.0,0.0,0.0,1,5,0
v4,Q2,22,0.0,0.0,0.0,0.0,1,5,0
v4,Q2,23,0.0,0.0,0.0,0.0,1,5,0
v4,Q2,24,0.0,0.0,0.0,0.0,1,5,0
v4,Q2,25,0.0,0.0,0.0,0.0,1,5,0
v4,Q20,1,0.0,0.0,0.0,0.0,0,1,0
v4,Q20,2,0.0,0.0,0.0,0.0,0,1,0
v4,Q20,3,0.0,0.0,0.0,0.0,0,1,0
v4,Q20,4,0.0,0.0,0.0,0.0,0,1,0
v4,Q20,5,0.0,0.0,0.0,0.0,0,1,0
v4,Q20,6,0.0,0.0,0.0,0.0,0,1,0
v4,Q20,7,0.0,0.0,0.0,0.0,0,1,0
v4,Q20,8,0.0,0.0,0.0,0.0,0,1,0
v4,Q20,9,0.0,0.0,0.0,0.0,0,1,0
v4,Q20,10,0.0,0.0,0.0,0.0,0,1,0
v4,Q20,11,0.0,0.0,0.0,0.0,0,1,0
v4,Q20,12,0.0,0.0,0.0,0.0,0,1,0
v4,Q20,13,0.0,0.0,0.0,0.0,0,1,0
v4,Q20,14,0.0,0.0,0.0,0.0,0,1,0
v4,Q20,15,0.0,0.0,0.0,0.0,0,1,0
v4,Q20,16,0.0,0.0,0.0,0.0,0,1,0
v4,Q20,17,0.0,0.0,0.0,0.0,0,1,0
v4,Q20,18,0.0,0.0,0.0,0.0,0,1,0
v4,Q20,19,0.0,0.0,0.0,0.0,0,1,0
v4,Q20,20,0.0,0.0,0.0,0.0,0,1,0
v4,Q20,21,0.0,0.0,0.0,0.0,0,1,0
v4,Q20,22,0.0,0.0,0.0,0.0,0,1,0
v4,Q20,23,0.0,0.0,0.0,0.0,0,1,0
v4,Q20,24,0.0,0.0,0.0,0.0,0,1,0
v4,Q20,25,0.0,0.0,0.0,0.0,0,1,0
v4,Q21,1,0.0,0.0,0.0,0.0,1,2,0
v4,Q21,2,0.0,0.0,0.0,0.0,1,2,0
v4,Q21,3,0.0,0.0,0.0,0.0,1,2,0
v4,Q21,4,0.0,0.0,0.0,0.0,1,2,0
v4,Q21,5,0.0,0.0,0.0,0.0,1,2,0
v4,Q21,6,0.0,0.0,0.0,0.0,1,2,0
v4,Q21,7,0.0,0.0,0.0,0.0,1,2,0
v4,Q21,8,0.0,0.0,0.0,0.0,1,2,0
v4,Q21,9,0.0,0.0,0.0,0.0,1,2,0
v4,Q21,10,0.0,0.0,0.0,0.0,1,2,0
v4,Q21,11,0.0,0.0,0.0,0.0,1,2,0
v4,Q21,12,0.0,0.0,0.0,0.0,1,2,0
v4,Q21,13,0.0,0.0,0.0,0.0,1,2,0
v4,Q21,14,0.0,0.0,0.0,0.0,1,2,0
v4,Q21,15,0.0,0.0,0.0,0.0,1,2,0
v4,Q21,16,0.0,0.0,0.0,0.0,1,2,0
v4,Q21,17,0.0,0.0,0.0,0.0,1,2,0
v4,Q21,18,0.0,0.0,0.0,0.0,1,2,0
v4,Q21,19,0.0,0.0,0.0,0.0,1,2,0
v4,Q21,20,0.0,0.0,0.0,0.0,1,2,0
v4,Q21,21,0.0,0.0,0.0,0.0,1,2,0
v4,Q21,22,0.0,0.0,0.0,0.0,1,2,0
v4,Q21,23,0.0,0.0,0.0,0.0,1,2,0
v4,Q21,24,0.0,0.0,0.0,0.0,1,2,0
v4,Q21,25,0.0,0.0,0.0,0.0,1,2,0
v4,Q22,1,0.0,0.0,0.0,0.0,1,1,0
v4,Q22,2,0.0,0.0,0.0,0.0,1,1,0
v4,Q22,3,0.0,0.0,0.0,0.0,0,1,0
v4,Q22,4,0.0,0.0,0.0,0.0,1,1,0
v4,Q22,5,0.0,0.0,0.0,0.0,0,1,0
v4,Q22,6,0.0,0.0,0.0,0.0,1,1,0
v4,Q22,7,0.0,0.0,0.0,0.0,0,1,0
v4,Q22,8,0.0,0.0,0.0,0.0,0,1,0
v4,Q22,9,0.0,0.0,0.0,0.0,1,1,0
v4,Q22,10,0.0,0.0,0.0,0.0,0,1,0
v4,Q22,11,0.0,0.0,0.0,0.0,0,1,0
v4,Q22,12,0.0,0.0,0.0,0.0,0,1,0
v4,Q22,13,0.0,0.0,0.0,0.0,0,1,0
v4,Q22,14,0.0,0.0,0.0,0.0,0,1,0
v4,Q22,15,0.0,0.0,0.0,0.0,1,1,0
v4,Q22,16,0.0,0.0,0.0,0.0,0,1,0
v4,Q22,17,0.0,0.0,0.0,0.0,1,1,0
v4,Q22,18,0.0,0.0,0.0,0.0,0,1,0
v4,Q22,19,0.0,0.0,0.0,0.0,0,1,0
v4,Q22,20,0.0,0.0,0.0,0.0,1,1,0
v4,Q22,21,0.0,0.0,0.0,0.0,1,1,0
v4,Q22,22,0.0,0.0,0.0,0.0,1,1,0
v4,Q22,23,0.0,0.0,0.0,0.0,1,1,0
v4,Q22,24,0.0,0.0,0.0,0.0,0,1,0
v4,Q22,25,0.0,0.0,0.0,0.0,0,1,0
v4,Q23,1,0.0,0.0,0.0,0.0,0,1,0
v4,Q23,2,0.0,0.0,0.0,0.0,0,1,0
v4,Q23,3,0.0,0.0,0.0,0.0,0,1,0
v4,Q23,4,0.0,0.0,0.0,0.0,0,1,0
v4,Q23,5,0.0,0.0,0.0,0.0,0,1,0
v4,Q23,6,0.0,0.0,0.0,0.0,0,1,0
v4,Q23,7,0.0,0.0,0.0,0.0,0,1,0
v4,Q23,8,0.0,0.0,0.0,0.0,0,1,0
v4,Q23,9,0.0,0.0,0.0,0.0,0,1,0
v4,Q23,10,0.0,0.0,0.0,0.0,0,1,0
v4,Q23,11,0.0,0.0,0.0,0.0,0,1,0
v4,Q23,12,0.0,0.0,0.0,0.0,0,1,0
v4,Q23,13,0.0,0.0,0.0,0.0,0,1,0
v4,Q23,14,0.0,0.0,0.0,0.0,0,1,0
v4,Q23,15,0.0,0.0,0.0,0.0,0,1,0
v4,Q23,16,0.0,0.0,0.0,0.0,0,1,0
v4,Q23,17,0.0,0.0,0.0,0.0,0,1,0
v4,Q23,18,0.0,0.0,0.0,0.0,0,1,0
v4,Q23,19,0.0,0.0,0.0,0.0,0,1,0
v4,Q23,20,0.0,0.0,0.0,0.0,0,1,0
v4,Q23,21,0.0,0.0,0.0,0.0,0,1,0
v4,Q23,22,0.0,0.0,0.0,0.0,0,1,0
v4,Q23,23,0.0,0.0,0.0,0.0,0,1,0
v4,Q23,24,0.0,0.0,0.0,0.0,0,1,0
v4,Q23,25,0.0,0.0,0.0,0.0,0,1,0
v4,Q24,1,0.0,0.0,0.0,0.0,0,8,0
v4,Q24,2,0.0,0.0,0.0,0.0,0,8,0
v4,Q24,3,0.0,0.0,0.0,0.0,0,8,0
v4,Q24,4,0.0,0.0,0.0,0.0,0,8,0
v4,Q24,5,0.0,0.0,0.0,0.0,0,8,0
v4,Q24,6,0.0,0.0,0.0,0.0,0,8,0
v4,Q24,7,0.0,0.0,0.0,0.0,0,8,0
v4,Q24,8,0.0,0.0,0.0,0.0,0,8,0
v4,Q24,9,0.0,0.0,0.0,0.0,0,8,0
v4,Q24,10,0.0,0.0,0.0,0.0,0,8,0
v4,Q24,11,0.0,0.0,0.0,0.0,0,8,0
v4,Q24,12,0.0,0.0,0.0,0.0,0,8,0
v4,Q24,13,0.0,0.0,0.0,0.0,0,8,0
v4,Q24,14,0.0,0.0,0.0,0.0,0,8,0
v4,Q24,15,0.0,0.0,0.0,0.0,0,8,0
v4,Q24,16,0.0,0.0,0.0,0.0,0,8,0
v4,Q24,17,0.0,0.0,0.0,0.0,0,8,0
v4,Q24,18,0.0,0.0,0.0,0.0,0,8,0
v4,Q24,19,0.0,0.0,0.0,0.0,0,8,0
v4,Q24,20,0.0,0.0,0.0,0.0,0,8,0
v4,Q24,21,0.0,0.0,0.0,0.0,0,8,0
v4,Q24,22,0.0,0.0,0.0,0.0,0,8,0
v4,Q24,23,0.0,0.0,0.0,0.0,0,8,0
v4,Q24,24,0.0,0.0,0.0,0.0,0,8,0
v4,Q24,25,0.0,0.0,0.0,0.0,0,8,0
v4,Q25,1,0.0,0.0,0.0,0.0,1,4,0
v4,Q25,2,0.0,0.0,0.0,0.0,1,4,0
v4,Q25,3,0.0,0.0,0.0,0.0,1,4,0
v4,Q25,4,0.0,0.0,0.0,0.0,1,4,0
v4,Q25,5,0.0,0.0,0.0,0.0,1,4,0
v4,Q25,6,0.0,0.0,0.0,0.0,1,4,0
v4,Q25,7,0.0,0.0,0.0,0.0,1,4,0
v4,Q25,8,0.0,0.0,0.0,0.0,1,4,0
v4,Q25,9,0.0,0.0,0.0,0.0,1,4,0
v4,Q25,10,0.0,0.0,0.0,0.0,1,4,0
v4,Q25,11,0.0,0.0,0.0,0.0,1,4,0
v4,Q25,12,0.0,0.0,0.0,0.0,1,4,0
v4,Q25,13,0.0,0.0,0.0,0.0,1,4,0
v4,Q25,14,0.0,0.0,0.0,0.0,1,4,0
v4,Q25,15,0.0,0.0,0.0,0.0,1,4,0
v4,Q25,16,0.0,0.0,0.0,0.0,1,4,0
v4,Q25,17,0.0,0.0,0.0,0.0,1,4,0
v4,Q25,18,0.0,0.0,0.0,0.0,1,4,0
v4,Q25,19,0.0,0.0,0.0,0.0,1,4,0
v4,Q25,20,0.0,0.0,0.0,0.0,1,4,0
v4,Q25,21,0.0,0.0,0.0,0.0,1,4,0
v4,Q25,22,0.0,0.0,0.0,0.0,1,4,0
v4,Q25,23,0.0,0.0,0.0,0.0,1,4,0
v4,Q25,24,0.0,0.0,0.0,0.0,1,4,0
v4,Q25,25,0.0,0.0,0.0,0.0,1,4,0
v4,Q26,1,0.0,0.0,0.0,0.0,0,4,0
v4,Q26,2,0.0,0.0,0.0,0.0,0,4,0
v4,Q26,3,0.0,0.0,0.0,0.0,0,4,0
v4,Q26,4,0.0,0.0,0.0,0.0,0,4,0
v4,Q26,5,0.0,0.0,0.0,0.0,0,4,0
v4,Q26,6,0.0,0.0,0.0,0.0,0,4,0
v4,Q26,7,0.0,0.0,0.0,0.0,0,4,0
v4,Q26,8,0.0,0.0,0.0,0.0,0,4,0
v4,Q26,9,0.0,0.0,0.0,0.0,0,4,0
v4,Q26,10,0.0,0.0,0.0,0.0,0,4,0
v4,Q26,11,0.0,0.0,0.0,0.0,0,4,0
v4,Q26,12,0.0,0.0,0.0,0.0,0,4,0
v4,Q26,13,0.0,0.0,0.0,0.0,0,4,0
v4,Q26,14,0.0,0.0,0.0,0.0,0,4,0
v4,Q26,15,0.0,0.0,0.0,0.0,0,4,0
v4,Q26,16,0.0,0.0,0.0,0.0,0,4,0
v4,Q26,17,0.0,0.0,0.0,0.0,0,4,0
v4,Q26,18,0.0,0.0,0.0,0.0,0,4,0
v4,Q26,19,0.0,0.0,0.0,0.0,0,4,0
v4,Q26,20,0.0,0.0,0.0,0.0,0,4,0
v4,Q26,21,0.0,0.0,0.0,0.0,0,4,0
v4,Q26,22,0.0,0.0,0.0,0.0,0,4,0
v4,Q26,23,0.0,0.0,0.0,0.0,0,4,0
v4,Q26,24,0.0,0.0,0.0,0.0,0,4,0
v4,Q26,25,0.0,0.0,0.0,0.0,0,4,0
v4,Q27,1,0.0,0.0,0.0,0.0,0,2,0
v4,Q27,2,0.0,0.0,0.0,0.0,0,2,0
v4,Q27,3,0.0,0.0,0.0,0.0,0,2,0
v4,Q27,4,0.0,0.0,0.0,0.0,0,2,0
v4,Q27,5,0.0,0.0,0.0,0.0,0,2,0
v4,Q27,6,0.0,0.0,0.0,0.0,0,2,0
v4,Q27,7,0.0,0.0,0.0,0.0,0,2,0
v4,Q27,8,0.0,0.0,0.0,0.0,0,2,0
v4,Q27,9,0.0,0.0,0.0,0.0,0,2,0
v4,Q27,10,0.0,0.0,0.0,0.0,0,2,0
v4,Q27,11,0.0,0.0,0.0,0.0,0,2,0
v4,Q27,12,0.0,0.0,0.0,0.0,0,2,0
v4,Q27,13,0.0,0.0,0.0,0.0,0,2,0
v4,Q27,14,0.0,0.0,0.0,0.0,0,2,0
v4,Q27,15,0.0,0.0,0.0,0.0,0,2,0
v4,Q27,16,0.0,0.0,0.0,0.0,0,2,0
v4,Q27,17,0.0,0.0,0.0,0.0,0,2,0
v4,Q27,18,0.0,0.0,0.0,0.0,0,2,0
v4,Q27,19,0.0,0.0,0.0,0.0,0,2,0
v4,Q27,20,0.0,0.0,0.0,0.0,0,2,0
v4,Q27,21,0.0,0.0,0.0,0.0,0,2,0
v4,Q27,22,0.0,0.0,0.0,0.0,0,2,0
v4,Q27,23,0.0,0.0,0.0,0.0,0,2,0
v4,Q27,24,0.0,0.0,0.0,0.0,0,2,0
v4,Q27,25,0.0,0.0,0.0,0.0,0,2,0
v4,Q28,1,0.0,0.0,0.0,0.0,0,1,0
v4,Q28,2,0.0,0.0,0.0,0.0,0,1,0
v4,Q28,3,0.0,0.0,0.0,0.0,0,1,0
v4,Q28,4,0.0,0.0,0.0,0.0,0,1,0
v4,Q28,5,0.0,0.0,0.0,0.0,0,1,0
v4,Q28,6,0.0,0.0,0.0,0.0,0,1,0
v4,Q28,7,0.0,0.0,0.0,0.0,0,1,0
v4,Q28,8,0.0,0.0,0.0,0.0,0,1,0
v4,Q28,9,0.0,0.0,0.0,0.0,0,1,0
v4,Q28,10,0.0,0.0,0.0,0.0,0,1,0
v4,Q28,11,0.0,0.0,0.0,0.0,0,1,0
v4,Q28,12,0.0,0.0,0.0,0.0,0,1,0
v4,Q28,13,0.0,0.0,0.0,0.0,0,1,0
v4,Q28,14,0.0,0.0,0.0,0.0,0,1,0
v4,Q28,15,0.0,0.0,0.0,0.0,0,1,0
v4,Q28,16,0.0,0.0,0.0,0.0,0,1,0
v4,Q28,17,0.0,0.0,0.0,0.0,0,1,0
v4,Q28,18,0.0,0.0,0.0,0.0,0,1,0
v4,Q28,19,0.0,0.0,0.0,0.0,0,1,0
v4,Q28,20,0.0,0.0,0.0,0.0,0,1,0
v4,Q28,21,0.0,0.0,0.0,0.0,0,1,0
v4,Q28,22,0.0,0.0,0.0,0.0,0,1,0
v4,Q28,23,0.0,0.0,0.0,0.0,0,1,0
v4,Q28,24,0.0,0.0,0.0,0.0,0,1,0
v4,Q28,25,0.0,0.0,0.0,0.0,0,1,0
v4,Q29,1,0.0,0.0,0.0,0.0,1,1,0
v4,Q29,2,0.0,0.0,0.0,0.0,1,1,0
v4,Q29,3,0.0,0.0,0.0,0.0,1,1,0
v4,Q29,4,0.0,0.0,0.0,0.0,1,1,0
v4,Q29,5,0.0,0.0,0.0,0.0,1,1,0
v4,Q29,6,0.0,0.0,0.0,0.0,1,1,0
v4,Q29,7,0.0,0.0,0.0,0.0,1,1,0
v4,Q29,8,0.0,0.0,0.0,0.0,1,1,0
v4,Q29,9,0.0,0.0,0.0,0.0,1,1,0
v4,Q29,10,0.0,0.0,0.0,0.0,1,1,0
v4,Q29,11,0.0,0.0,0.0,0.0,1,1,0
v4,Q29,12,0.0,0.0,0.0,0.0,1,1,0
v4,Q29,13,0.0,0.0,0.0,0.0,1,1,0
v4,Q29,14,0.0,0.0,0.0,0.0,1,1,0
v4,Q29,15,0.0,0.0,0.0,0.0,1,1,0
v4,Q29,16,0.0,0.0,0.0,0.0,1,1,0
v4,Q29,17,0.0,0.0,0.0,0.0,1,1,0
v4,Q29,18,0.0,0.0,0.0,0.0,1,1,0
v4,Q29,19,0.0,0.0,0.0,0.0,1,1,0
v4,Q29,20,0.0,0.0,0.0,0.0,1,1,0
v4,Q29,21,0.0,0.0,0.0,0.0,1,1,0
v4,Q29,22,0.0,0.0,0.0,0.0,1,1,0
v4,Q29,23,0.0,0.0,0.0,0.0,1,1,0
v4,Q29,24,0.0,0.0,0.0,0.0,1,1,0
v4,Q29,25,0.0,0.0,0.0,0.0,1,1,0
v4,Q3,1,0.0,0.0,0.0,0.0,0,1,0
v4,Q3,2,0.0,0.0,0.0,0.0,0,1,0
v4,Q3,3,0.0,0.0,0.0,0.0,0,1,0
v4,Q3,4,0.0,0.0,0.0,0.0,0,1,0
v4,Q3,5,0.0,0.0,0.0,0.0,0,1,0
v4,Q3,6,0.0,0.0,0.0,0.0,0,1,0
v4,Q3,7,0.0,0.0,0.0,0.0,0,1,0
v4,Q3,8,0.0,0.0,0.0,0.0,0,1,0
v4,Q3,9,0.0,0.0,0.0,0.0,0,1,0
v4,Q3,10,0.0,0.0,0.0,0.0,0,1,0
v4,Q3,11,0.0,0.0,0.0,0.0,0,1,0
v4,Q3,12,0.0,0.0,0.0,0.0,0,1,0
v4,Q3,13,0.0,0.0,0.0,0.0,0,1,0
v4,Q3,14,0.0,0.0,0.0,0.0,0,1,0
v4,Q3,15,0.0,0.0,0.0,0.0,0,1,0
v4,Q3,16,0.0,0.0,0.0,0.0,0,1,0
v4,Q3,17,0.0,0.0,0.0,0.0,0,1,0
v4,Q3,18,0.0,0.0,0.0,0.0,0,1,0
v4,Q3,19,0.0,0.0,0.0,0.0,0,1,0
v4,Q3,20,0.0,0.0,0.0,0.0,0,1,0
v4,Q3,21,0.0,0.0,0.0,0.0,0,1,0
v4,Q3,22,0.0,0.0,0.0,0.0,0,1,0
v4,Q3,23,0.0,0.0,0.0,0.0,0,1,0
v4,Q3,24,0.0,0.0,0.0,0.0,0,1,0
v4,Q3,25,0.0,0.0,0.0,0.0,0,1,0
v4,Q30,1,0.0,0.0,0.0,0.0,1,2,0
v4,Q30,2,0.0,0.0,0.0,0.0,1,2,0
v4,Q30,3,0.0,0.0,0.0,0.0,1,2,0
v4,Q30,4,0.0,0.0,0.0,0.0,1,2,0
v4,Q30,5,0.0,0.0,0.0,0.0,1,2,0
v4,Q30,6,0.0,0.0,0.0,0.0,1,2,0
v4,Q30,7,0.0,0.0,0.0,0.0,1,2,0
v4,Q30,8,0.0,0.0,0.0,0.0,1,2,0
v4,Q30,9,0.0,0.0,0.0,0.0,1,2,0
v4,Q30,10,0.0,0.0,0.0,0.0,1,2,0
v4,Q30,11,0.0,0.0,0.0,0.0,1,2,0
v4,Q30,12,0.0,0.0,0.0,0.0,1,2,0
v4,Q30,13,0.0,0.0,0.0,0.0,1,2,0
v4,Q30,14,0.0,0.0,0.0,0.0,1,2,0
v4,Q30,15,0.0,0.0,0.0,0.0,1,2,0
v4,Q30,16,0.0,0.0,0.0,0.0,1,2,0
v4,Q30,17,0.0,0.0,0.0,0.0,1,2,0
v4,Q30,18,0.0,0.0,0.0,0.0,1,2,0
v4,Q30,19,0.0,0.0,0.0,0.0,1,2,0
v4,Q30,20,0.0,0.0,0.0,0.0,1,2,0
v4,Q30,21,0.0,0.0,0.0,0.0,1,2,0
v4,Q30,22,0.0,0.0,0.0,0.0,1,2,0
v4,Q30,23,0.0,0.0,0.0,0.0,1,2,0
v4,Q30,24,0.0,0.0,0.0,0.0,1,2,0
v4,Q30,25,0.0,0.0,0.0,0.0,1,2,0
v4,Q31,1,0.0,0.0,0.0,0.0,0,2,0
v4,Q31,2,0.0,0.0,0.0,0.0,0,2,0
v4,Q31,3,0.0,0.0,0.0,0.0,0,2,0
v4,Q31,4,0.0,0.0,0.0,0.0,0,2,0
v4,Q31,5,0.0,0.0,0.0,0.0,0,2,0
v4,Q31,6,0.0,0.0,0.0,0.0,0,2,0
v4,Q31,7,0.0,0.0,0.0,0.0,0,2,0
v4,Q31,8,0.0,0.0,0.0,0.0,0,2,0
v4,Q31,9,0.0,0.0,0.0,0.0,0,2,0
v4,Q31,10,0.0,0.0,0.0,0.0,0,2,0
v4,Q31,11,0.0,0.0,0.0,0.0,0,2,0
v4,Q31,12,0.0,0.0,0.0,0.0,0,2,0
v4,Q31,13,0.0,0.0,0.0,0.0,0,2,0
v4,Q31,14,0.0,0.0,0.0,0.0,0,2,0
v4,Q31,15,0.0,0.0,0.0,0.0,0,2,0
v4,Q31,16,0.0,0.0,0.0,0.0,0,2,0
v4,Q31,17,0.0,0.0,0.0,0.0,0,2,0
v4,Q31,18,0.0,0.0,0.0,0.0,0,2,0
v4,Q31,19,0.0,0.0,0.0,0.0,0,2,0
v4,Q31,20,0.0,0.0,0.0,0.0,0,2,0
v4,Q31,21,0.0,0.0,0.0,0.0,0,2,0
v4,Q31,22,0.0,0.0,0.0,0.0,0,2,0
v4,Q31,23,0.0,0.0,0.0,0.0,0,2,0
v4,Q31,24,0.0,0.0,0.0,0.0,0,2,0
v4,Q31,25,0.0,0.0,0.0,0.0,0,2,0
v4,Q32,1,0.0,0.0,0.0,0.0,1,1,0
v4,Q32,2,0.0,0.0,0.0,0.0,1,1,0
v4,Q32,3,0.0,0.0,0.0,0.0,1,1,0
v4,Q32,4,0.0,0.0,0.0,0.0,1,1,0
v4,Q32,5,0.0,0.0,0.0,0.0,1,1,0
v4,Q32,6,0.0,0.0,0.0,0.0,1,1,0
v4,Q32,7,0.0,0.0,0.0,0.0,1,1,0
v4,Q32,8,0.0,0.0,0.0,0.0,1,1,0
v4,Q32,9,0.0,0.0,0.0,0.0,1,1,0
v4,Q32,10,0.0,0.0,0.0,0.0,1,1,0
v4,Q32,11,0.0,0.0,0.0,0.0,1,1,0
v4,Q32,12,0.0,0.0,0.0,0.0,1,1,0
v4,Q32,13,0.0,0.0,0.0,0.0,1,1,0
v4,Q32,14,0.0,0.0,0.0,0.0,1,1,0
v4,Q32,15,0.0,0.0,0.0,0.0,1,1,0
v4,Q32,16,0.0,0.0,0.0,0.0,1,1,0
v4,Q32,17,0.0,0.0,0.0,0.0,1,1,0
v4,Q32,18,0.0,0.0,0.0,0.0,1,1,0
v4,Q32,19,0.0,0.0,0.0,0.0,1,1,0
v4,Q32,20,0.0,0.0,0.0,0.0,1,1,0
v4,Q32,21,0.0,0.0,0.0,0.0,1,1,0
v4,Q32,22,0.0,0.0,0.0,0.0,1,1,0
v4,Q32,23,0.0,0.0,0.0,0.0,1,1,0
v4,Q32,24,0.0,0.0,0.0,0.0,1,1,0
v4,Q32,25,0.0,0.0,0.0,0.0,1,1,0
v4,Q33,1,0.0,0.0,0.0,0.0,1,5,0
v4,Q33,2,0.0,0.0,0.0,0.0,1,5,0
v4,Q33,3,0.0,0.0,0.0,0.0,1,5,0
v4,Q33,4,0.0,0.0,0.0,0.0,1,5,0
v4,Q33,5,0.0,0.0,0.0,0.0,1,5,0
v4,Q33,6,0.0,0.0,0.0,0.0,0,5,0
v4,Q33,7,0.0,0.0,0.0,0.0,1,5,0
v4,Q33,8,0.0,0.0,0.0,0.0,1,5,0
v4,Q33,9,0.0,0.0,0.0,0.0,1,5,0
v4,Q33,10,0.0,0.0,0.0,0.0,0,5,0
v4,Q33,11,0.0,0.0,0.0,0.0,0,5,0
v4,Q33,12,0.0,0.0,0.0,0.0,1,5,0
v4,Q33,13,0.0,0.0,0.0,0.0,1,5,0
v4,Q33,14,0.0,0.0,0.0,0.0,0,5,0
v4,Q33,15,0.0,0.0,0.0,0.0,1,5,0
v4,Q33,16,0.0,0.0,0.0,0.0,1,5,0
v4,Q33,17,0.0,0.0,0.0,0.0,0,5,0
v4,Q33,18,0.0,0.0,0.0,0.0,1,5,0
v4,Q33,19,0.0,0.0,0.0,0.0,1,5,0
v4,Q33,20,0.0,0.0,0.0,0.0,1,5,0
v4,Q33,21,0.0,0.0,0.0,0.0,1,5,0
v4,Q33,22,0.0,0.0,0.0,0.0,0,5,0
v4,Q33,23,0.0,0.0,0.0,0.0,0,5,0
v4,Q33,24,0.0,0.0,0.0,0.0,0,5,0
v4,Q33,25,0.0,0.0,0.0,0.0,0,5,0
v4,Q34,1,0.0,0.0,0.0,0.0,0,3,0
v4,Q34,2,0.0,0.0,0.0,0.0,0,3,0
v4,Q34,3,0.0,0.0,0.0,0.0,0,3,0
v4,Q34,4,0.0,0.0,0.0,0.0,0,3,0
v4,Q34,5,0.0,0.0,0.0,0.0,0,3,0
v4,Q34,6,0.0,0.0,0.0,0.0,0,3,0
v4,Q34,7,0.0,0.0,0.0,0.0,0,3,0
v4,Q34,8,0.0,0.0,0.0,0.0,0,3,0
v4,Q34,9,0.0,0.0,0.0,0.0,0,3,0
v4,Q34,10,0.0,0.0,0.0,0.0,0,3,0
v4,Q34,11,0.0,0.0,0.0,0.0,0,3,0
v4,Q34,12,0.0,0.0,0.0,0.0,0,3,0
v4,Q34,13,0.0,0.0,0.0,0.0,0,3,0
v4,Q34,14,0.0,0.0,0.0,0.0,0,3,0
v4,Q34,15,0.0,0.0,0.0,0.0,0,3,0
v4,Q34,16,0.0,0.0,0.0,0.0,0,3,0
v4,Q34,17,0.0,0.0,0.0,0.0,0,3,0
v4,Q34,18,0.0,0.0,0.0,0.0,0,3,0
v4,Q34,19,0.0,0.0,0.0,0.0,0,3,0
v4,Q34,20,0.0,0.0,0.0,0.0,0,3,0
v4,Q34,21,0.0,0.0,0.0,0.0,0,3,0
v4,Q34,22,0.0,0.0,0.0,0.0,0,3,0
v4,Q34,23,0.0,0.0,0.0,0.0,0,3,0
v4,Q34,24,0.0,0.0,0.0,0.0,0,3,0
v4,Q34,25,0.0,0.0,0.0,0.0,0,3,0
v4,Q35,1,0.0,0.0,0.0,0.0,0,2,0
v4,Q35,2,0.0,0.0,0.0,0.0,0,2,0
v4,Q35,3,0.0,0.0,0.0,0.0,0,2,0
v4,Q35,4,0.0,0.0,0.0,0.0,0,2,0
v4,Q35,5,0.0,0.0,0.0,0.0,0,2,0
v4,Q35,6,0.0,0.0,0.0,0.0,0,2,0
v4,Q35,7,0.0,0.0,0.0,0.0,0,2,0
v4,Q35,8,0.0,0.0,0.0,0.0,0,2,0
v4,Q35,9,0.0,0.0,0.0,0.0,0,2,0
v4,Q35,10,0.0,0.0,0.0,0.0,0,2,0
v4,Q35,11,0.0,0.0,0.0,0.0,0,2,0
v4,Q35,12,0.0,0.0,0.0,0.0,0,2,0
v4,Q35,13,0.0,0.0,0.0,0.0,0,2,0
v4,Q35,14,0.0,0.0,0.0,0.0,0,2,0
v4,Q35,15,0.0,0.0,0.0,0.0,0,2,0
v4,Q35,16,0.0,0.0,0.0,0.0,0,2,0
v4,Q35,17,0.0,0.0,0.0,0.0,0,2,0
v4,Q35,18,0.0,0.0,0.0,0.0,0,2,0
v4,Q35,19,0.0,0.0,0.0,0.0,0,2,0
v4,Q35,20,0.0,0.0,0.0,0.0,0,2,0
v4,Q35,21,0.0,0.0,0.0,0.0,0,2,0
v4,Q35,22,0.0,0.0,0.0,0.0,0,2,0
v4,Q35,23,0.0,0.0,0.0,0.0,0,2,0
v4,Q35,24,0.0,0.0,0.0,0.0,0,2,0
v4,Q35,25,0.0,0.0,0.0,0.0,0,2,0
v4,Q36,1,0.0,0.0,0.0,0.0,1,2,0
v4,Q36,2,0.0,0.0,0.0,0.0,1,2,0
v4,Q36,3,0.0,0.0,0.0,0.0,1,2,0
v4,Q36,4,0.0,0.0,0.0,0.0,1,2,0
v4,Q36,5,0.0,0.0,0.0,0.0,1,2,0
v4,Q36,6,0.0,0.0,0.0,0.0,1,2,0
v4,Q36,7,0.0,0.0,0.0,0.0,1,2,0
v4,Q36,8,0.0,0.0,0.0,0.0,1,2,0
v4,Q36,9,0.0,0.0,0.0,0.0,1,2,0
v4,Q36,10,0.0,0.0,0.0,0.0,1,2,0
v4,Q36,11,0.0,0.0,0.0,0.0,1,2,0
v4,Q36,12,0.0,0.0,0.0,0.0,1,2,0
v4,Q36,13,0.0,0.0,0.0,0.0,1,2,0
v4,Q36,14,0.0,0.0,0.0,0.0,1,2,0
v4,Q36,15,0.0,0.0,0.0,0.0,1,2,0
v4,Q36,16,0.0,0.0,0.0,0.0,1,2,0
v4,Q36,17,0.0,0.0,0.0,0.0,1,2,0
v4,Q36,18,0.0,0.0,0.0,0.0,1,2,0
v4,Q36,19,0.0,0.0,0.0,0.0,1,2,0
v4,Q36,20,0.0,0.0,0.0,0.0,1,2,0
v4,Q36,21,0.0,0.0,0.0,0.0,1,2,0
v4,Q36,22,0.0,0.0,0.0,0.0,1,2,0
v4,Q36,23,0.0,0.0,0.0,0.0,1,2,0
v4,Q36,24,0.0,0.0,0.0,0.0,1,2,0
v4,Q36,25,0.0,0.0,0.0,0.0,1,2,0
v4,Q37,1,0.0,0.0,0.0,0.0,0,2,0
v4,Q37,2,0.0,0.0,0.0,0.0,0,2,0
v4,Q37,3,0.0,0.0,0.0,0.0,0,2,0
v4,Q37,4,0.0,0.0,0.0,0.0,0,2,0
v4,Q37,5,0.0,0.0,0.0,0.0,0,2,0
v4,Q37,6,0.0,0.0,0.0,0.0,0,2,0
v4,Q37,7,0.0,0.0,0.0,0.0,0,2,0
v4,Q37,8,0.0,0.0,0.0,0.0,0,2,0
v4,Q37,9,0.0,0.0,0.0,0.0,0,2,0
v4,Q37,10,0.0,0.0,0.0,0.0,0,2,0
v4,Q37,11,0.0,0.0,0.0,0.0,0,2,0
v4,Q37,12,0.0,0.0,0.0,0.0,0,2,0
v4,Q37,13,0.0,0.0,0.0,0.0,0,2,0
v4,Q37,14,0.0,0.0,0.0,0.0,0,2,0
v4,Q37,15,0.0,0.0,0.0,0.0,0,2,0
v4,Q37,16,0.0,0.0,0.0,0.0,0,2,0
v4,Q37,17,0.0,0.0,0.0,0.0,0,2,0
v4,Q37,18,0.0,0.0,0.0,0.0,0,2,0
v4,Q37,19,0.0,0.0,0.0,0.0,0,2,0
v4,Q37,20,0.0,0.0,0.0,0.0,0,2,0
v4,Q37,21,0.0,0.0,0.0,0.0,0,2,0
v4,Q37,22,0.0,0.0,0.0,0.0,0,2,0
v4,Q37,23,0.0,0.0,0.0,0.0,0,2,0
v4,Q37,24,0.0,0.0,0.0,0.0,0,2,0
v4,Q37,25,0.0,0.0,0.0,0.0,0,2,0
v4,Q38,1,0.0,0.0,0.0,0.0,0,1,0
v4,Q38,2,0.0,0.0,0.0,0.0,0,1,0
v4,Q38,3,0.0,0.0,0.0,0.0,0,1,0
v4,Q38,4,0.0,0.0,0.0,0.0,0,1,0
v4,Q38,5,0.0,0.0,0.0,0.0,0,1,0
v4,Q38,6,0.0,0.0,0.0,0.0,0,1,0
v4,Q38,7,0.0,0.0,0.0,0.0,0,1,0
v4,Q38,8,0.0,0.0,0.0,0.0,0,1,0
v4,Q38,9,0.0,0.0,0.0,0.0,0,1,0
v4,Q38,10,0.0,0.0,0.0,0.0,0,1,0
v4,Q38,11,0.0,0.0,0.0,0.0,0,1,0
v4,Q38,12,0.0,0.0,0.0,0.0,0,1,0
v4,Q38,13,0.0,0.0,0.0,0.0,0,1,0
v4,Q38,14,0.0,0.0,0.0,0.0,0,1,0
v4,Q38,15,0.0,0.0,0.0,0.0,0,1,0
v4,Q38,16,0.0,0.0,0.0,0.0,0,1,0
v4,Q38,17,0.0,0.0,0.0,0.0,0,1,0
v4,Q38,18,0.0,0.0,0.0,0.0,0,1,0
v4,Q38,19,0.0,0.0,0.0,0.0,0,1,0
v4,Q38,20,0.0,0.0,0.0,0.0,0,1,0
v4,Q38,21,0.0,0.0,0.0,0.0,0,1,0
v4,Q38,22,0.0,0.0,0.0,0.0,0,1,0
v4,Q38,23,0.0,0.0,0.0,0.0,0,1,0
v4,Q38,24,0.0,0.0,0.0,0.0,0,1,0
v4,Q38,25,0.0,0.0,0.0,0.0,0,1,0
v4,Q39,1,0.0,0.0,0.0,0.0,0,1,0
v4,Q39,2,0.0,0.0,0.0,0.0,0,1,0
v4,Q39,3,0.0,0.0,0.0,0.0,0,1,0
v4,Q39,4,0.0,0.0,0.0,0.0,0,1,0
v4,Q39,5,0.0,0.0,0.0,0.0,0,1,0
v4,Q39,6,0.0,0.0,0.0,0.0,0,1,0
v4,Q39,7,0.0,0.0,0.0,0.0,0,1,0
v4,Q39,8,0.0,0.0,0.0,0.0,0,1,0
v4,Q39,9,0.0,0.0,0.0,0.0,0,1,0
v4,Q39,10,0.0,0.0,0.0,0.0,0,1,0
v4,Q39,11,0.0,0.0,0.0,0.0,0,1,0
v4,Q39,12,0.0,0.0,0.0,0.0,0,1,0
v4,Q39,13,0.0,0.0,0.0,0.0,0,1,0
v4,Q39,14,0.0,0.0,0.0,0.0,0,1,0
v4,Q39,15,0.0,0.0,0.0,0.0,0,1,0
v4,Q39,16,0.0,0.0,0.0,0.0,0,1,0
v4,Q39,17,0.0,0.0,0.0,0.0,0,1,0
v4,Q39,18,0.0,0.0,0.0,0.0,0,1,0
v4,Q39,19,0.0,0.0,0.0,0.0,0,1,0
v4,Q39,20,0.0,0.0,0.0,0.0,0,1,0
v4,Q39,21,0.0,0.0,0.0,0.0,0,1,0
v4,Q39,22,0.0,0.0,0.0,0.0,0,1,0
v4,Q39,23,0.0,0.0,0.0,0.0,0,1,0
v4,Q39,24,0.0,0.0,0.0,0.0,0,1,0
v4,Q39,25,0.0,0.0,0.0,0.0,0,1,0
v4,Q4,1,0.0,0.0,0.0,0.0,0,3,0
v4,Q4,2,0.0,0.0,0.0,0.0,0,3,0
v4,Q4,3,0.0,0.0,0.0,0.0,0,3,0
v4,Q4,4,0.0,0.0,0.0,0.0,0,3,0
v4,Q4,5,0.0,0.0,0.0,0.0,0,3,0
v4,Q4,6,0.0,0.0,0.0,0.0,0,3,0
v4,Q4,7,0.0,0.0,0.0,0.0,0,3,0
v4,Q4,8,0.0,0.0,0.0,0.0,0,3,0
v4,Q4,9,0.0,0.0,0.0,0.0,0,3,0
v4,Q4,10,0.0,0.0,0.0,0.0,0,3,0
v4,Q4,11,0.0,0.0,0.0,0.0,0,3,0
v4,Q4,12,0.0,0.0,0.0,0.0,0,3,0
v4,Q4,13,0.0,0.0,0.0,0.0,0,3,0
v4,Q4,14,0.0,0.0,0.0,0.0,0,3,0
v4,Q4,15,0.0,0.0,0.0,0.0,0,3,0
v4,Q4,16,0.0,0.0,0.0,0.0,0,3,0
v4,Q4,17,0.0,0.0,0.0,0.0,0,3,0
v4,Q4,18,0.0,0.0,0.0,0.0,0,3,0
v4,Q4,19,0.0,0.0,0.0,0.0,0,3,0
v4,Q4,20,0.0,0.0,0.0,0.0,0,3,0
v4,Q4,21,0.0,0.0,0.0,0.0,0,3,0
v4,Q4,22,0.0,0.0,0.0,0.0,0,3,0
v4,Q4,23,0.0,0.0,0.0,0.0,0,3,0
v4,Q4,24,0.0,0.0,0.0,0.0,0,3,0
v4,Q4,25,0.0,0.0,0.0,0.0,0,3,0
v4,Q40,1,0.0,0.0,0.0,0.0,1,2,0
v4,Q40,2,0.0,0.0,0.0,0.0,1,2,0
v4,Q40,3,0.0,0.0,0.0,0.0,1,2,0
v4,Q40,4,0.0,0.0,0.0,0.0,1,2,0
v4,Q40,5,0.0,0.0,0.0,0.0,1,2,0
v4,Q40,6,0.0,0.0,0.0,0.0,1,2,0
v4,Q40,7,0.0,0.0,0.0,0.0,1,2,0
v4,Q40,8,0.0,0.0,0.0,0.0,1,2,0
v4,Q40,9,0.0,0.0,0.0,0.0,1,2,0
v4,Q40,10,0.0,0.0,0.0,0.0,1,2,0
v4,Q40,11,0.0,0.0,0.0,0.0,1,2,0
v4,Q40,12,0.0,0.0,0.0,0.0,1,2,0
v4,Q40,13,0.0,0.0,0.0,0.0,1,2,0
v4,Q40,14,0.0,0.0,0.0,0.0,1,2,0
v4,Q40,15,0.0,0.0,0.0,0.0,1,2,0
v4,Q40,16,0.0,0.0,0.0,0.0,1,2,0
v4,Q40,17,0.0,0.0,0.0,0.0,1,2,0
v4,Q40,18,0.0,0.0,0.0,0.0,1,2,0
v4,Q40,19,0.0,0.0,0.0,0.0,1,2,0
v4,Q40,20,0.0,0.0,0.0,0.0,1,2,0
v4,Q40,21,0.0,0.0,0.0,0.0,1,2,0
v4,Q40,22,0.0,0.0,0.0,0.0,1,2,0
v4,Q40,23,0.0,0.0,0.0,0.0,1,2,0
v4,Q40,24,0.0,0.0,0.0,0.0,1,2,0
v4,Q40,25,0.0,0.0,0.0,0.0,1,2,0
v4,Q41,1,0.0,0.0,0.0,0.0,0,1,0
v4,Q41,2,0.0,0.0,0.0,0.0,0,1,0
v4,Q41,3,0.0,0.0,0.0,0.0,0,1,0
v4,Q41,4,0.0,0.0,0.0,0.0,0,1,0
v4,Q41,5,0.0,0.0,0.0,0.0,0,1,0
v4,Q41,6,0.0,0.0,0.0,0.0,0,1,0
v4,Q41,7,0.0,0.0,0.0,0.0,0,1,0
v4,Q41,8,0.0,0.0,0.0,0.0,0,1,0
v4,Q41,9,0.0,0.0,0.0,0.0,0,1,0
v4,Q41,10,0.0,0.0,0.0,0.0,0,1,0
v4,Q41,11,0.0,0.0,0.0,0.0,0,1,0
v4,Q41,12,0.0,0.0,0.0,0.0,0,1,0
v4,Q41,13,0.0,0.0,0.0,0.0,0,1,0
v4,Q41,14,0.0,0.0,0.0,0.0,0,1,0
v4,Q41,15,0.0,0.0,0.0,0.0,0,1,0
v4,Q41,16,0.0,0.0,0.0,0.0,0,1,0
v4,Q41,17,0.0,0.0,0.0,0.0,0,1,0
v4,Q41,18,0.0,0.0,0.0,0.0,0,1,0
v4,Q41,19,0.0,0.0,0.0,0.0,0,1,0
v4,Q41,20,0.0,0.0,0.0,0.0,0,1,0
v4,Q41,21,0.0,0.0,0.0,0.0,0,1,0
v4,Q41,22,0.0,0.0,0.0,0.0,0,1,0
v4,Q41,23,0.0,0.0,0.0,0.0,0,1,0
v4,Q41,24,0.0,0.0,0.0,0.0,0,1,0
v4,Q41,25,0.0,0.0,0.0,0.0,0,1,0
v4,Q42,1,0.0,0.0,0.0,0.0,0,1,0
v4,Q42,2,0.0,0.0,0.0,0.0,0,1,0
v4,Q42,3,0.0,0.0,0.0,0.0,0,1,0
v4,Q42,4,0.0,0.0,0.0,0.0,0,1,0
v4,Q42,5,0.0,0.0,0.0,0.0,0,1,0
v4,Q42,6,0.0,0.0,0.0,0.0,0,1,0
v4,Q42,7,0.0,0.0,0.0,0.0,0,1,0
v4,Q42,8,0.0,0.0,0.0,0.0,0,1,0
v4,Q42,9,0.0,0.0,0.0,0.0,0,1,0
v4,Q42,10,0.0,0.0,0.0,0.0,0,1,0
v4,Q42,11,0.0,0.0,0.0,0.0,0,1,0
v4,Q42,12,0.0,0.0,0.0,0.0,0,1,0
v4,Q42,13,0.0,0.0,0.0,0.0,0,1,0
v4,Q42,14,0.0,0.0,0.0,0.0,0,1,0
v4,Q42,15,0.0,0.0,0.0,0.0,0,1,0
v4,Q42,16,0.0,0.0,0.0,0.0,0,1,0
v4,Q42,17,0.0,0.0,0.0,0.0,0,1,0
v4,Q42,18,0.0,0.0,0.0,0.0,0,1,0
v4,Q42,19,0.0,0.0,0.0,0.0,0,1,0
v4,Q42,20,0.0,0.0,0.0,0.0,0,1,0
v4,Q42,21,0.0,0.0,0.0,0.0,0,1,0
v4,Q42,22,0.0,0.0,0.0,0.0,0,1,0
v4,Q42,23,0.0,0.0,0.0,0.0,0,1,0
v4,Q42,24,0.0,0.0,0.0,0.0,0,1,0
v4,Q42,25,0.0,0.0,0.0,0.0,0,1,0
v4,Q43,1,0.0,0.0,0.0,0.0,0,1,0
v4,Q43,2,0.0,0.0,0.0,0.0,0,1,0
v4,Q43,3,0.0,0.0,0.0,0.0,0,1,0
v4,Q43,4,0.0,0.0,0.0,0.0,0,1,0
v4,Q43,5,0.0,0.0,0.0,0.0,0,1,0
v4,Q43,6,0.0,0.0,0.0,0.0,0,1,0
v4,Q43,7,0.0,0.0,0.0,0.0,0,1,0
v4,Q43,8,0.0,0.0,0.0,0.0,0,1,0
v4,Q43,9,0.0,0.0,0.0,0.0,0,1,0
v4,Q43,10,0.0,0.0,0.0,0.0,0,1,0
v4,Q43,11,0.0,0.0,0.0,0.0,0,1,0
v4,Q43,12,0.0,0.0,0.0,0.0,0,1,0
v4,Q43,13,0.0,0.0,0.0,0.0,0,1,0
v4,Q43,14,0.0,0.0,0.0,0.0,0,1,0
v4,Q43,15,0.0,0.0,0.0,0.0,0,1,0
v4,Q43,16,0.0,0.0,0.0,0.0,0,1,0
v4,Q43,17,0.0,0.0,0.0,0.0,0,1,0
v4,Q43,18,0.0,0.0,0.0,0.0,0,1,0
v4,Q43,19,0.0,0.0,0.0,0.0,0,1,0
v4,Q43,20,0.0,0.0,0.0,0.0,0,1,0
v4,Q43,21,0.0,0.0,0.0,0.0,0,1,0
v4,Q43,22,0.0,0.0,0.0,0.0,0,1,0
v4,Q43,23,0.0,0.0,0.0,0.0,0,1,0
v4,Q43,24,0.0,0.0,0.0,0.0,0,1,0
v4,Q43,25,0.0,0.0,0.0,0.0,0,1,0
v4,Q44,1,0.0,0.0,0.0,0.0,1,1,0
v4,Q44,2,0.0,0.0,0.0,0.0,0,1,0
v4,Q44,3,0.0,0.0,0.0,0.0,1,1,0
v4,Q44,4,0.0,0.0,0.0,0.0,0,1,0
v4,Q44,5,0.0,0.0,0.0,0.0,1,1,0
v4,Q44,6,0.0,0.0,0.0,0.0,1,1,0
v4,Q44,7,0.0,0.0,0.0,0.0,1,1,0
v4,Q44,8,0.0,0.0,0.0,0.0,1,1,0
v4,Q44,9,0.0,0.0,0.0,0.0,1,1,0
v4,Q44,10,0.0,0.0,0.0,0.0,1,1,0
v4,Q44,11,0.0,0.0,0.0,0.0,1,1,0
v4,Q44,12,0.0,0.0,0.0,0.0,1,1,0
v4,Q44,13,0.0,0.0,0.0,0.0,1,1,0
v4,Q44,14,0.0,0.0,0.0,0.0,1,1,0
v4,Q44,15,0.0,0.0,0.0,0.0,1,1,0
v4,Q44,16,0.0,0.0,0.0,0.0,1,1,0
v4,Q44,17,0.0,0.0,0.0,0.0,1,1,0
v4,Q44,18,0.0,0.0,0.0,0.0,1,1,0
v4,Q44,19,0.0,0.0,0.0,0.0,1,1,0
v4,Q44,20,0.0,0.0,0.0,0.0,1,1,0
v4,Q44,21,0.0,0.0,0.0,0.0,1,1,0
v4,Q44,22,0.0,0.0,0.0,0.0,1,1,0
v4,Q44,23,0.0,0.0,0.0,0.0,1,1,0
v4,Q44,24,0.0,0.0,0.0,0.0,1,1,0
v4,Q44,25,0.0,0.0,0.0,0.0,1,1,0
v4,Q45,1,0.0,0.0,0.0,0.0,0,2,0
v4,Q45,2,0.0,0.0,0.0,0.0,0,2,0
v4,Q45,3,0.0,0.0,0.0,0.0,0,2,0
v4,Q45,4,0.0,0.0,0.0,0.0,0,2,0
v4,Q45,5,0.0,0.0,0.0,0.0,0,2,0
v4,Q45,6,0.0,0.0,0.0,0.0,0,2,0
v4,Q45,7,0.0,0.0,0.0,0.0,0,2,0
v4,Q45,8,0.0,0.0,0.0,0.0,0,2,0
v4,Q45,9,0.0,0.0,0.0,0.0,0,2,0
v4,Q45,10,0.0,0.0,0.0,0.0,0,2,0
v4,Q45,11,0.0,0.0,0.0,0.0,0,2,0
v4,Q45,12,0.0,0.0,0.0,0.0,0,2,0
v4,Q45,13,0.0,0.0,0.0,0.0,0,2,0
v4,Q45,14,0.0,0.0,0.0,0.0,0,2,0
v4,Q45,15,0.0,0.0,0.0,0.0,0,2,0
v4,Q45,16,0.0,0.0,0.0,0.0,0,2,0
v4,Q45,17,0.0,0.0,0.0,0.0,0,2,0
v4,Q45,18,0.0,0.0,0.0,0.0,0,2,0
v4,Q45,19,0.0,0.0,0.0,0.0,0,2,0
v4,Q45,20,0.0,0.0,0.0,0.0,0,2,0
v4,Q45,21,0.0,0.0,0.0,0.0,0,2,0
v4,Q45,22,0.0,0.0,0.0,0.0,0,2,0
v4,Q45,23,0.0,0.0,0.0,0.0,0,2,0
v4,Q45,24,0.0,0.0,0.0,0.0,0,2,0
v4,Q45,25,0.0,0.0,0.0,0.0,0,2,0
v4,Q46,1,0.0,0.0,0.0,0.0,0,1,0
v4,Q46,2,0.0,0.0,0.0,0.0,0,1,0
v4,Q46,3,0.0,0.0,0.0,0.0,0,1,0
v4,Q46,4,0.0,0.0,0.0,0.0,0,1,0
v4,Q46,5,0.0,0.0,0.0,0.0,0,1,0
v4,Q46,6,0.0,0.0,0.0,0.0,0,1,0
v4,Q46,7,0.0,0.0,0.0,0.0,0,1,0
v4,Q46,8,0.0,0.0,0.0,0.0,0,1,0
v4,Q46,9,0.0,0.0,0.0,0.0,0,1,0
v4,Q46,10,0.0,0.0,0.0,0.0,0,1,0
v4,Q46,11,0.0,0.0,0.0,0.0,0,1,0
v4,Q46,12,0.0,0.0,0.0,0.0,0,1,0
v4,Q46,13,0.0,0.0,0.0,0.0,0,1,0
v4,Q46,14,0.0,0.0,0.0,0.0,0,1,0
v4,Q46,15,0.0,0.0,0.0,0.0,0,1,0
v4,Q46,16,0.0,0.0,0.0,0.0,0,1,0
v4,Q46,17,0.0,0.0,0.0,0.0,0,1,0
v4,Q46,18,0.0,0.0,0.0,0.0,0,1,0
v4,Q46,19,0.0,0.0,0.0,0.0,0,1,0
v4,Q46,20,0.0,0.0,0.0,0.0,0,1,0
v4,Q46,21,0.0,0.0,0.0,0.0,0,1,0
v4,Q46,22,0.0,0.0,0.0,0.0,0,1,0
v4,Q46,23,0.0,0.0,0.0,0.0,0,1,0
v4,Q46,24,0.0,0.0,0.0,0.0,0,1,0
v4,Q46,25,0.0,0.0,0.0,0.0,0,1,0
v4,Q47,1,0.0,0.0,0.0,0.0,0,1,0
v4,Q47,2,0.0,0.0,0.0,0.0,0,1,0
v4,Q47,3,0.0,0.0,0.0,0.0,0,1,0
v4,Q47,4,0.0,0.0,0.0,0.0,0,1,0
v4,Q47,5,0.0,0.0,0.0,0.0,0,1,0
v4,Q47,6,0.0,0.0,0.0,0.0,0,1,0
v4,Q47,7,0.0,0.0,0.0,0.0,0,1,0
v4,Q47,8,0.0,0.0,0.0,0.0,0,1,0
v4,Q47,9,0.0,0.0,0.0,0.0,0,1,0
v4,Q47,10,0.0,0.0,0.0,0.0,0,1,0
v4,Q47,11,0.0,0.0,0.0,0.0,0,1,0
v4,Q47,12,0.0,0.0,0.0,0.0,0,1,0
v4,Q47,13,0.0,0.0,0.0,0.0,0,1,0
v4,Q47,14,0.0,0.0,0.0,0.0,0,1,0
v4,Q47,15,0.0,0.0,0.0,0.0,0,1,0
v4,Q47,16,0.0,0.0,0.0,0.0,0,1,0
v4,Q47,17,0.0,0.0,0.0,0.0,0,1,0
v4,Q47,18,0.0,0.0,0.0,0.0,0,1,0
v4,Q47,19,0.0,0.0,0.0,0.0,0,1,0
v4,Q47,20,0.0,0.0,0.0,0.0,0,1,0
v4,Q47,21,0.0,0.0,0.0,0.0,0,1,0
v4,Q47,22,0.0,0.0,0.0,0.0,0,1,0
v4,Q47,23,0.0,0.0,0.0,0.0,0,1,0
v4,Q47,24,0.0,0.0,0.0,0.0,0,1,0
v4,Q47,25,0.0,0.0,0.0,0.0,0,1,0
v4,Q48,1,0.0,0.0,0.0,0.0,0,2,0
v4,Q48,2,0.0,0.0,0.0,0.0,0,2,0
v4,Q48,3,0.0,0.0,0.0,0.0,0,2,0
v4,Q48,4,0.0,0.0,0.0,0.0,1,2,0
v4,Q48,5,0.0,0.0,0.0,0.0,0,2,0
v4,Q48,6,0.0,0.0,0.0,0.0,0,2,0
v4,Q48,7,0.0,0.0,0.0,0.0,0,2,0
v4,Q48,8,0.0,0.0,0.0,0.0,0,2,0
v4,Q48,9,0.0,0.0,0.0,0.0,0,2,0
v4,Q48,10,0.0,0.0,0.0,0.0,1,2,0
v4,Q48,11,0.0,0.0,0.0,0.0,0,2,0
v4,Q48,12,0.0,0.0,0.0,0.0,0,2,0
v4,Q48,13,0.0,0.0,0.0,0.0,0,2,0
v4,Q48,14,0.0,0.0,0.0,0.0,0,2,0
v4,Q48,15,0.0,0.0,0.0,0.0,0,2,0
v4,Q48,16,0.0,0.0,0.0,0.0,0,2,0
v4,Q48,17,0.0,0.0,0.0,0.0,0,2,0
v4,Q48,18,0.0,0.0,0.0,0.0,0,2,0
v4,Q48,19,0.0,0.0,0.0,0.0,0,2,0
v4,Q48,20,0.0,0.0,0.0,0.0,0,2,0
v4,Q48,21,0.0,0.0,0.0,0.0,0,2,0
v4,Q48,22,0.0,0.0,0.0,0.0,0,2,0
v4,Q48,23,0.0,0.0,0.0,0.0,1,2,0
v4,Q48,24,0.0,0.0,0.0,0.0,0,2,0
v4,Q48,25,0.0,0.0,0.0,0.0,1,2,0
v4,Q49,1,0.0,0.0,0.0,0.0,0,7,0
v4,Q49,2,0.0,0.0,0.0,0.0,0,7,0
v4,Q49,3,0.0,0.0,0.0,0.0,0,7,0
v4,Q49,4,0.0,0.0,0.0,0.0,0,7,0
v4,Q49,5,0.0,0.0,0.0,0.0,0,7,0
v4,Q49,6,0.0,0.0,0.0,0.0,0,7,0
v4,Q49,7,0.0,0.0,0.0,0.0,0,7,0
v4,Q49,8,0.0,0.0,0.0,0.0,0,7,0
v4,Q49,9,0.0,0.0,0.0,0.0,0,7,0
v4,Q49,10,0.0,0.0,0.0,0.0,0,7,0
v4,Q49,11,0.0,0.0,0.0,0.0,0,7,0
v4,Q49,12,0.0,0.0,0.0,0.0,0,7,0
v4,Q49,13,0.0,0.0,0.0,0.0,0,7,0
v4,Q49,14,0.0,0.0,0.0,0.0,0,7,0
v4,Q49,15,0.0,0.0,0.0,0.0,0,7,0
v4,Q49,16,0.0,0.0,0.0,0.0,0,7,0
v4,Q49,17,0.0,0.0,0.0,0.0,0,7,0
v4,Q49,18,0.0,0.0,0.0,0.0,0,7,0
v4,Q49,19,0.0,0.0,0.0,0.0,0,7,0
v4,Q49,20,0.0,0.0,0.0,0.0,0,7,0
v4,Q49,21,0.0,0.0,0.0,0.0,0,7,0
v4,Q49,22,0.0,0.0,0.0,0.0,0,7,0
v4,Q49,23,0.0,0.0,0.0,0.0,0,7,0
v4,Q49,24,0.0,0.0,0.0,0.0,0,7,0
v4,Q49,25,0.0,0.0,0.0,0.0,0,7,0
v4,Q5,1,0.0,0.0,0.0,0.0,0,7,0
v4,Q5,2,0.0,0.0,0.0,0.0,0,7,0
v4,Q5,3,0.0,0.0,0.0,0.0,0,7,0
v4,Q5,4,0.0,0.0,0.0,0.0,0,7,0
v4,Q5,5,0.0,0.0,0.0,0.0,0,7,0
v4,Q5,6,0.0,0.0,0.0,0.0,0,7,0
v4,Q5,7,0.0,0.0,0.0,0.0,0,7,0
v4,Q5,8,0.0,0.0,0.0,0.0,0,7,0
v4,Q5,9,0.0,0.0,0.0,0.0,0,7,0
v4,Q5,10,0.0,0.0,0.0,0.0,0,7,0
v4,Q5,11,0.0,0.0,0.0,0.0,0,7,0
v4,Q5,12,0.0,0.0,0.0,0.0,0,7,0
v4,Q5,13,0.0,0.0,0.0,0.0,0,7,0
v4,Q5,14,0.0,0.0,0.0,0.0,0,7,0
v4,Q5,15,0.0,0.0,0.0,0.0,0,7,0
v4,Q5,16,0.0,0.0,0.0,0.0,0,7,0
v4,Q5,17,0.0,0.0,0.0,0.0,0,7,0
v4,Q5,18,0.0,0.0,0.0,0.0,0,7,0
v4,Q5,19,0.0,0.0,0.0,0.0,0,7,0
v4,Q5,20,0.0,0.0,0.0,0.0,0,7,0
v4,Q5,21,0.0,0.0,0.0,0.0,0,7,0
v4,Q5,22,0.0,0.0,0.0,0.0,0,7,0
v4,Q5,23,0.0,0.0,0.0,0.0,0,7,0
v4,Q5,24,0.0,0.0,0.0,0.0,0,7,0
v4,Q5,25,0.0,0.0,0.0,0.0,0,7,0
v4,Q50,1,0.0,0.0,0.0,0.0,1,1,0
v4,Q50,2,0.0,0.0,0.0,0.0,1,1,0
v4,Q50,3,0.0,0.0,0.0,0.0,1,1,0
v4,Q50,4,0.0,0.0,0.0,0.0,1,1,0
v4,Q50,5,0.0,0.0,0.0,0.0,1,1,0
v4,Q50,6,0.0,0.0,0.0,0.0,1,1,0
v4,Q50,7,0.0,0.0,0.0,0.0,1,1,0
v4,Q50,8,0.0,0.0,0.0,0.0,1,1,0
v4,Q50,9,0.0,0.0,0.0,0.0,1,1,0
v4,Q50,10,0.0,0.0,0.0,0.0,1,1,0
v4,Q50,11,0.0,0.0,0.0,0.0,1,1,0
v4,Q50,12,0.0,0.0,0.0,0.0,1,1,0
v4,Q50,13,0.0,0.0,0.0,0.0,1,1,0
v4,Q50,14,0.0,0.0,0.0,0.0,1,1,0
v4,Q50,15,0.0,0.0,0.0,0.0,1,1,0
v4,Q50,16,0.0,0.0,0.0,0.0,1,1,0
v4,Q50,17,0.0,0.0,0.0,0.0,1,1,0
v4,Q50,18,0.0,0.0,0.0,0.0,1,1,0
v4,Q50,19,0.0,0.0,0.0,0.0,1,1,0
v4,Q50,20,0.0,0.0,0.0,0.0,1,1,0
v4,Q50,21,0.0,0.0,0.0,0.0,1,1,0
v4,Q50,22,0.0,0.0,0.0,0.0,1,1,0
v4,Q50,23,0.0,0.0,0.0,0.0,1,1,0
v4,Q50,24,0.0,0.0,0.0,0.0,1,1,0
v4,Q50,25,0.0,0.0,0.0,0.0,1,1,0
v4,Q51,1,0.0,0.0,0.0,0.0,0,1,0
v4,Q51,2,0.0,0.0,0.0,0.0,0,1,0
v4,Q51,3,0.0,0.0,0.0,0.0,0,1,0
v4,Q51,4,0.0,0.0,0.0,0.0,0,1,0
v4,Q51,5,0.0,0.0,0.0,0.0,0,1,0
v4,Q51,6,0.0,0.0,0.0,0.0,0,1,0
v4,Q51,7,0.0,0.0,0.0,0.0,0,1,0
v4,Q51,8,0.0,0.0,0.0,0.0,0,1,0
v4,Q51,9,0.0,0.0,0.0,0.0,0,1,0
v4,Q51,10,0.0,0.0,0.0,0.0,0,1,0
v4,Q51,11,0.0,0.0,0.0,0.0,0,1,0
v4,Q51,12,0.0,0.0,0.0,0.0,0,1,0
v4,Q51,13,0.0,0.0,0.0,0.0,0,1,0
v4,Q51,14,0.0,0.0,0.0,0.0,0,1,0
v4,Q51,15,0.0,0.0,0.0,0.0,0,1,0
v4,Q51,16,0.0,0.0,0.0,0.0,0,1,0
v4,Q51,17,0.0,0.0,0.0,0.0,0,1,0
v4,Q51,18,0.0,0.0,0.0,0.0,0,1,0
v4,Q51,19,0.0,0.0,0.0,0.0,0,1,0
v4,Q51,20,0.0,0.0,0.0,0.0,0,1,0
v4,Q51,21,0.0,0.0,0.0,0.0,0,1,0
v4,Q51,22,0.0,0.0,0.0,0.0,0,1,0
v4,Q51,23,0.0,0.0,0.0,0.0,0,1,0
v4,Q51,24,0.0,0.0,0.0,0.0,0,1,0
v4,Q51,25,0.0,0.0,0.0,0.0,0,1,0
v4,Q52,1,0.0,0.0,0.0,0.0,1,2,0
v4,Q52,2,0.0,0.0,0.0,0.0,1,2,0
v4,Q52,3,0.0,0.0,0.0,0.0,1,2,0
v4,Q52,4,0.0,0.0,0.0,0.0,1,2,0
v4,Q52,5,0.0,0.0,0.0,0.0,1,2,0
v4,Q52,6,0.0,0.0,0.0,0.0,0,2,0
v4,Q52,7,0.0,0.0,0.0,0.0,1,2,0
v4,Q52,8,0.0,0.0,0.0,0.0,1,2,0
v4,Q52,9,0.0,0.0,0.0,0.0,1,2,0
v4,Q52,10,0.0,0.0,0.0,0.0,1,2,0
v4,Q52,11,0.0,0.0,0.0,0.0,1,2,0
v4,Q52,12,0.0,0.0,0.0,0.0,1,2,0
v4,Q52,13,0.0,0.0,0.0,0.0,1,2,0
v4,Q52,14,0.0,0.0,0.0,0.0,1,2,0
v4,Q52,15,0.0,0.0,0.0,0.0,1,2,0
v4,Q52,16,0.0,0.0,0.0,0.0,1,2,0
v4,Q52,17,0.0,0.0,0.0,0.0,1,2,0
v4,Q52,18,0.0,0.0,0.0,0.0,1,2,0
v4,Q52,19,0.0,0.0,0.0,0.0,0,2,0
v4,Q52,20,0.0,0.0,0.0,0.0,1,2,0
v4,Q52,21,0.0,0.0,0.0,0.0,1,2,0
v4,Q52,22,0.0,0.0,0.0,0.0,1,2,0
v4,Q52,23,0.0,0.0,0.0,0.0,1,2,0
v4,Q52,24,0.0,0.0,0.0,0.0,1,2,0
v4,Q52,25,0.0,0.0,0.0,0.0,1,2,0
v4,Q53,1,0.0,0.0,0.0,0.0,0,2,0
v4,Q53,2,0.0,0.0,0.0,0.0,0,2,0
v4,Q53,3,0.0,0.0,0.0,0.0,0,2,0
v4,Q53,4,0.0,0.0,0.0,0.0,0,2,0
v4,Q53,5,0.0,0.0,0.0,0.0,0,2,0
v4,Q53,6,0.0,0.0,0.0,0.0,0,2,0
v4,Q53,7,0.0,0.0,0.0,0.0,0,2,0
v4,Q53,8,0.0,0.0,0.0,0.0,0,2,0
v4,Q53,9,0.0,0.0,0.0,0.0,0,2,0
v4,Q53,10,0.0,0.0,0.0,0.0,0,2,0
v4,Q53,11,0.0,0.0,0.0,0.0,0,2,0
v4,Q53,12,0.0,0.0,0.0,0.0,0,2,0
v4,Q53,13,0.0,0.0,0.0,0.0,0,2,0
v4,Q53,14,0.0,0.0,0.0,0.0,0,2,0
v4,Q53,15,0.0,0.0,0.0,0.0,0,2,0
v4,Q53,16,0.0,0.0,0.0,0.0,0,2,0
v4,Q53,17,0.0,0.0,0.0,0.0,0,2,0
v4,Q53,18,0.0,0.0,0.0,0.0,0,2,0
v4,Q53,19,0.0,0.0,0.0,0.0,0,2,0
v4,Q53,20,0.0,0.0,0.0,0.0,0,2,0
v4,Q53,21,0.0,0.0,0.0,0.0,0,2,0
v4,Q53,22,0.0,0.0,0.0,0.0,0,2,0
v4,Q53,23,0.0,0.0,0.0,0.0,0,2,0
v4,Q53,24,0.0,0.0,0.0,0.0,0,2,0
v4,Q53,25,0.0,0.0,0.0,0.0,0,2,0
v4,Q54,1,0.0,0.0,0.0,0.0,0,1,0
v4,Q54,2,0.0,0.0,0.0,0.0,0,1,0
v4,Q54,3,0.0,0.0,0.0,0.0,0,1,0
v4,Q54,4,0.0,0.0,0.0,0.0,0,1,0
v4,Q54,5,0.0,0.0,0.0,0.0,0,1,0
v4,Q54,6,0.0,0.0,0.0,0.0,0,1,0
v4,Q54,7,0.0,0.0,0.0,0.0,0,1,0
v4,Q54,8,0.0,0.0,0.0,0.0,0,1,0
v4,Q54,9,0.0,0.0,0.0,0.0,0,1,0
v4,Q54,10,0.0,0.0,0.0,0.0,0,1,0
v4,Q54,11,0.0,0.0,0.0,0.0,0,1,0
v4,Q54,12,0.0,0.0,0.0,0.0,0,1,0
v4,Q54,13,0.0,0.0,0.0,0.0,0,1,0
v4,Q54,14,0.0,0.0,0.0,0.0,0,1,0
v4,Q54,15,0.0,0.0,0.0,0.0,0,1,0
v4,Q54,16,0.0,0.0,0.0,0.0,0,1,0
v4,Q54,17,0.0,0.0,0.0,0.0,1,1,0
v4,Q54,18,0.0,0.0,0.0,0.0,0,1,0
v4,Q54,19,0.0,0.0,0.0,0.0,0,1,0
v4,Q54,20,0.0,0.0,0.0,0.0,0,1,0
v4,Q54,21,0.0,0.0,0.0,0.0,0,1,0
v4,Q54,22,0.0,0.0,0.0,0.0,0,1,0
v4,Q54,23,0.0,0.0,0.0,0.0,0,1,0
v4,Q54,24,0.0,0.0,0.0,0.0,0,1,0
v4,Q54,25,0.0,0.0,0.0,0.0,0,1,0
v4,Q55,1,0.0,0.0,0.0,0.0,1,5,0
v4,Q55,2,0.0,0.0,0.0,0.0,1,5,0
v4,Q55,3,0.0,0.0,0.0,0.0,1,5,0
v4,Q55,4,0.0,0.0,0.0,0.0,0,5,0
v4,Q55,5,0.0,0.0,0.0,0.0,1,5,0
v4,Q55,6,0.0,0.0,0.0,0.0,1,5,0
v4,Q55,7,0.0,0.0,0.0,0.0,1,5,0
v4,Q55,8,0.0,0.0,0.0,0.0,1,5,0
v4,Q55,9,0.0,0.0,0.0,0.0,1,5,0
v4,Q55,10,0.0,0.0,0.0,0.0,1,5,0
v4,Q55,11,0.0,0.0,0.0,0.0,1,5,0
v4,Q55,12,0.0,0.0,0.0,0.0,1,5,0
v4,Q55,13,0.0,0.0,0.0,0.0,1,5,0
v4,Q55,14,0.0,0.0,0.0,0.0,1,5,0
v4,Q55,15,0.0,0.0,0.0,0.0,1,5,0
v4,Q55,16,0.0,0.0,0.0,0.0,1,5,0
v4,Q55,17,0.0,0.0,0.0,0.0,1,5,0
v4,Q55,18,0.0,0.0,0.0,0.0,1,5,0
v4,Q55,19,0.0,0.0,0.0,0.0,1,5,0
v4,Q55,20,0.0,0.0,0.0,0.0,1,5,0
v4,Q55,21,0.0,0.0,0.0,0.0,1,5,0
v4,Q55,22,0.0,0.0,0.0,0.0,1,5,0
v4,Q55,23,0.0,0.0,0.0,0.0,1,5,0
v4,Q55,24,0.0,0.0,0.0,0.0,1,5,0
v4,Q55,25,0.0,0.0,0.0,0.0,1,5,0
v4,Q56,1,0.0,0.0,0.0,0.0,0,9,0
v4,Q56,2,0.0,0.0,0.0,0.0,0,9,0
v4,Q56,3,0.0,0.0,0.0,0.0,0,9,0
v4,Q56,4,0.0,0.0,0.0,0.0,0,9,0
v4,Q56,5,0.0,0.0,0.0,0.0,0,9,0
v4,Q56,6,0.0,0.0,0.0,0.0,0,9,0
v4,Q56,7,0.0,0.0,0.0,0.0,0,9,0
v4,Q56,8,0.0,0.0,0.0,0.0,0,9,0
v4,Q56,9,0.0,0.0,0.0,0.0,0,9,0
v4,Q56,10,0.0,0.0,0.0,0.0,0,9,0
v4,Q56,11,0.0,0.0,0.0,0.0,0,9,0
v4,Q56,12,0.0,0.0,0.0,0.0,0,9,0
v4,Q56,13,0.0,0.0,0.0,0.0,0,9,0
v4,Q56,14,0.0,0.0,0.0,0.0,0,9,0
v4,Q56,15,0.0,0.0,0.0,0.0,0,9,0
v4,Q56,16,0.0,0.0,0.0,0.0,0,9,0
v4,Q56,17,0.0,0.0,0.0,0.0,0,9,0
v4,Q56,18,0.0,0.0,0.0,0.0,0,9,0
v4,Q56,19,0.0,0.0,0.0,0.0,0,9,0
v4,Q56,20,0.0,0.0,0.0,0.0,0,9,0
v4,Q56,21,0.0,0.0,0.0,0.0,0,9,0
v4,Q56,22,0.0,0.0,0.0,0.0,0,9,0
v4,Q56,23,0.0,0.0,0.0,0.0,0,9,0
v4,Q56,24,0.0,0.0,0.0,0.0,0,9,0
v4,Q56,25,0.0,0.0,0.0,0.0,0,9,0
v4,Q57,1,0.0,0.0,0.0,0.0,0,2,0
v4,Q57,2,0.0,0.0,0.0,0.0,0,2,0
v4,Q57,3,0.0,0.0,0.0,0.0,0,2,0
v4,Q57,4,0.0,0.0,0.0,0.0,1,2,0
v4,Q57,5,0.0,0.0,0.0,0.0,0,2,0
v4,Q57,6,0.0,0.0,0.0,0.0,0,2,0
v4,Q57,7,0.0,0.0,0.0,0.0,0,2,0
v4,Q57,8,0.0,0.0,0.0,0.0,0,2,0
v4,Q57,9,0.0,0.0,0.0,0.0,0,2,0
v4,Q57,10,0.0,0.0,0.0,0.0,0,2,0
v4,Q57,11,0.0,0.0,0.0,0.0,0,2,0
v4,Q57,12,0.0,0.0,0.0,0.0,0,2,0
v4,Q57,13,0.0,0.0,0.0,0.0,0,2,0
v4,Q57,14,0.0,0.0,0.0,0.0,0,2,0
v4,Q57,15,0.0,0.0,0.0,0.0,0,2,0
v4,Q57,16,0.0,0.0,0.0,0.0,0,2,0
v4,Q57,17,0.0,0.0,0.0,0.0,0,2,0
v4,Q57,18,0.0,0.0,0.0,0.0,0,2,0
v4,Q57,19,0.0,0.0,0.0,0.0,0,2,0
v4,Q57,20,0.0,0.0,0.0,0.0,0,2,0
v4,Q57,21,0.0,0.0,0.0,0.0,0,2,0
v4,Q57,22,0.0,0.0,0.0,0.0,1,2,0
v4,Q57,23,0.0,0.0,0.0,0.0,0,2,0
v4,Q57,24,0.0,0.0,0.0,0.0,0,2,0
v4,Q57,25,0.0,0.0,0.0,0.0,0,2,0
v4,Q58,1,0.0,0.0,0.0,0.0,0,2,0
v4,Q58,2,0.0,0.0,0.0,0.0,0,2,0
v4,Q58,3,0.0,0.0,0.0,0.0,0,2,0
v4,Q58,4,0.0,0.0,0.0,0.0,0,2,0
v4,Q58,5,0.0,0.0,0.0,0.0,0,2,0
v4,Q58,6,0.0,0.0,0.0,0.0,0,2,0
v4,Q58,7,0.0,0.0,0.0,0.0,0,2,0
v4,Q58,8,0.0,0.0,0.0,0.0,0,2,0
v4,Q58,9,0.0,0.0,0.0,0.0,0,2,0
v4,Q58,10,0.0,0.0,0.0,0.0,0,2,0
v4,Q58,11,0.0,0.0,0.0,0.0,0,2,0
v4,Q58,12,0.0,0.0,0.0,0.0,0,2,0
v4,Q58,13,0.0,0.0,0.0,0.0,0,2,0
v4,Q58,14,0.0,0.0,0.0,0.0,0,2,0
v4,Q58,15,0.0,0.0,0.0,0.0,0,2,0
v4,Q58,16,0.0,0.0,0.0,0.0,0,2,0
v4,Q58,17,0.0,0.0,0.0,0.0,0,2,0
v4,Q58,18,0.0,0.0,0.0,0.0,0,2,0
v4,Q58,19,0.0,0.0,0.0,0.0,0,2,0
v4,Q58,20,0.0,0.0,0.0,0.0,0,2,0
v4,Q58,21,0.0,0.0,0.0,0.0,0,2,0
v4,Q58,22,0.0,0.0,0.0,0.0,0,2,0
v4,Q58,23,0.0,0.0,0.0,0.0,0,2,0
v4,Q58,24,0.0,0.0,0.0,0.0,0,2,0
v4,Q58,25,0.0,0.0,0.0,0.0,0,2,0
v4,Q59,1,0.0,0.0,0.0,0.0,0,1,0
v4,Q59,2,0.0,0.0,0.0,0.0,0,1,0
v4,Q59,3,0.0,0.0,0.0,0.0,0,1,0
v4,Q59,4,0.0,0.0,0.0,0.0,0,1,0
v4,Q59,5,0.0,0.0,0.0,0.0,0,1,0
v4,Q59,6,0.0,0.0,0.0,0.0,0,1,0
v4,Q59,7,0.0,0.0,0.0,0.0,0,1,0
v4,Q59,8,0.0,0.0,0.0,0.0,0,1,0
v4,Q59,9,0.0,0.0,0.0,0.0,0,1,0
v4,Q59,10,0.0,0.0,0.0,0.0,0,1,0
v4,Q59,11,0.0,0.0,0.0,0.0,0,1,0
v4,Q59,12,0.0,0.0,0.0,0.0,0,1,0
v4,Q59,13,0.0,0.0,0.0,0.0,0,1,0
v4,Q59,14,0.0,0.0,0.0,0.0,0,1,0
v4,Q59,15,0.0,0.0,0.0,0.0,0,1,0
v4,Q59,16,0.0,0.0,0.0,0.0,0,1,0
v4,Q59,17,0.0,0.0,0.0,0.0,0,1,0
v4,Q59,18,0.0,0.0,0.0,0.0,0,1,0
v4,Q59,19,0.0,0.0,0.0,0.0,0,1,0
v4,Q59,20,0.0,0.0,0.0,0.0,0,1,0
v4,Q59,21,0.0,0.0,0.0,0.0,0,1,0
v4,Q59,22,0.0,0.0,0.0,0.0,0,1,0
v4,Q59,23,0.0,0.0,0.0,0.0,0,1,0
v4,Q59,24,0.0,0.0,0.0,0.0,0,1,0
v4,Q59,25,0.0,0.0,0.0,0.0,0,1,0
v4,Q6,1,0.0,0.0,0.0,0.0,0,1,0
v4,Q6,2,0.0,0.0,0.0,0.0,0,1,0
v4,Q6,3,0.0,0.0,0.0,0.0,0,1,0
v4,Q6,4,0.0,0.0,0.0,0.0,0,1,0
v4,Q6,5,0.0,0.0,0.0,0.0,0,1,0
v4,Q6,6,0.0,0.0,0.0,0.0,0,1,0
v4,Q6,7,0.0,0.0,0.0,0.0,0,1,0
v4,Q6,8,0.0,0.0,0.0,0.0,0,1,0
v4,Q6,9,0.0,0.0,0.0,0.0,0,1,0
v4,Q6,10,0.0,0.0,0.0,0.0,0,1,0
v4,Q6,11,0.0,0.0,0.0,0.0,0,1,0
v4,Q6,12,0.0,0.0,0.0,0.0,0,1,0
v4,Q6,13,0.0,0.0,0.0,0.0,0,1,0
v4,Q6,14,0.0,0.0,0.0,0.0,0,1,0
v4,Q6,15,0.0,0.0,0.0,0.0,0,1,0
v4,Q6,16,0.0,0.0,0.0,0.0,0,1,0
v4,Q6,17,0.0,0.0,0.0,0.0,0,1,0
v4,Q6,18,0.0,0.0,0.0,0.0,0,1,0
v4,Q6,19,0.0,0.0,0.0,0.0,0,1,0
v4,Q6,20,0.0,0.0,0.0,0.0,0,1,0
v4,Q6,21,0.0,0.0,0.0,0.0,0,1,0
v4,Q6,22,0.0,0.0,0.0,0.0,0,1,0
v4,Q6,23,0.0,0.0,0.0,0.0,0,1,0
v4,Q6,24,0.0,0.0,0.0,0.0,0,1,0
v4,Q6,25,0.0,0.0,0.0,0.0,0,1,0
v4,Q60,1,0.0,0.0,0.0,0.0,0,8,0
v4,Q60,2,0.0,0.0,0.0,0.0,0,8,0
v4,Q60,3,0.0,0.0,0.0,0.0,0,8,0
v4,Q60,4,0.0,0.0,0.0,0.0,0,8,0
v4,Q60,5,0.0,0.0,0.0,0.0,0,8,0
v4,Q60,6,0.0,0.0,0.0,0.0,0,8,0
v4,Q60,7,0.0,0.0,0.0,0.0,0,8,0
v4,Q60,8,0.0,0.0,0.0,0.0,0,8,0
v4,Q60,9,0.0,0.0,0.0,0.0,0,8,0
v4,Q60,10,0.0,0.0,0.0,0.0,0,8,0
v4,Q60,11,0.0,0.0,0.0,0.0,0,8,0
v4,Q60,12,0.0,0.0,0.0,0.0,0,8,0
v4,Q60,13,0.0,0.0,0.0,0.0,0,8,0
v4,Q60,14,0.0,0.0,0.0,0.0,0,8,0
v4,Q60,15,0.0,0.0,0.0,0.0,0,8,0
v4,Q60,16,0.0,0.0,0.0,0.0,0,8,0
v4,Q60,17,0.0,0.0,0.0,0.0,0,8,0
v4,Q60,18,0.0,0.0,0.0,0.0,0,8,0
v4,Q60,19,0.0,0.0,0.0,0.0,0,8,0
v4,Q60,20,0.0,0.0,0.0,0.0,0,8,0
v4,Q60,21,0.0,0.0,0.0,0.0,0,8,0
v4,Q60,22,0.0,0.0,0.0,0.0,0,8,0
v4,Q60,23,0.0,0.0,0.0,0.0,0,8,0
v4,Q60,24,0.0,0.0,0.0,0.0,0,8,0
v4,Q60,25,0.0,0.0,0.0,0.0,0,8,0
v4,Q61,1,0.0,0.0,0.0,0.0,0,1,0
v4,Q61,2,0.0,0.0,0.0,0.0,0,1,0
v4,Q61,3,0.0,0.0,0.0,0.0,0,1,0
v4,Q61,4,0.0,0.0,0.0,0.0,0,1,0
v4,Q61,5,0.0,0.0,0.0,0.0,0,1,0
v4,Q61,6,0.0,0.0,0.0,0.0,0,1,0
v4,Q61,7,0.0,0.0,0.0,0.0,0,1,0
v4,Q61,8,0.0,0.0,0.0,0.0,0,1,0
v4,Q61,9,0.0,0.0,0.0,0.0,0,1,0
v4,Q61,10,0.0,0.0,0.0,0.0,0,1,0
v4,Q61,11,0.0,0.0,0.0,0.0,0,1,0
v4,Q61,12,0.0,0.0,0.0,0.0,0,1,0
v4,Q61,13,0.0,0.0,0.0,0.0,0,1,0
v4,Q61,14,0.0,0.0,0.0,0.0,0,1,0
v4,Q61,15,0.0,0.0,0.0,0.0,0,1,0
v4,Q61,16,0.0,0.0,0.0,0.0,0,1,0
v4,Q61,17,0.0,0.0,0.0,0.0,0,1,0
v4,Q61,18,0.0,0.0,0.0,0.0,0,1,0
v4,Q61,19,0.0,0.0,0.0,0.0,0,1,0
v4,Q61,20,0.0,0.0,0.0,0.0,0,1,0
v4,Q61,21,0.0,0.0,0.0,0.0,0,1,0
v4,Q61,22,0.0,0.0,0.0,0.0,0,1,0
v4,Q61,23,0.0,0.0,0.0,0.0,0,1,0
v4,Q61,24,0.0,0.0,0.0,0.0,0,1,0
v4,Q61,25,0.0,0.0,0.0,0.0,0,1,0
v4,Q62,1,0.0,0.0,0.0,0.0,0,1,0
v4,Q62,2,0.0,0.0,0.0,0.0,0,1,0
v4,Q62,3,0.0,0.0,0.0,0.0,0,1,0
v4,Q62,4,0.0,0.0,0.0,0.0,0,1,0
v4,Q62,5,0.0,0.0,0.0,0.0,0,1,0
v4,Q62,6,0.0,0.0,0.0,0.0,0,1,0
v4,Q62,7,0.0,0.0,0.0,0.0,0,1,0
v4,Q62,8,0.0,0.0,0.0,0.0,0,1,0
v4,Q62,9,0.0,0.0,0.0,0.0,0,1,0
v4,Q62,10,0.0,0.0,0.0,0.0,0,1,0
v4,Q62,11,0.0,0.0,0.0,0.0,0,1,0
v4,Q62,12,0.0,0.0,0.0,0.0,0,1,0
v4,Q62,13,0.0,0.0,0.0,0.0,0,1,0
v4,Q62,14,0.0,0.0,0.0,0.0,0,1,0
v4,Q62,15,0.0,0.0,0.0,0.0,0,1,0
v4,Q62,16,0.0,0.0,0.0,0.0,0,1,0
v4,Q62,17,0.0,0.0,0.0,0.0,0,1,0
v4,Q62,18,0.0,0.0,0.0,0.0,0,1,0
v4,Q62,19,0.0,0.0,0.0,0.0,0,1,0
v4,Q62,20,0.0,0.0,0.0,0.0,0,1,0
v4,Q62,21,0.0,0.0,0.0,0.0,0,1,0
v4,Q62,22,0.0,0.0,0.0,0.0,0,1,0
v4,Q62,23,0.0,0.0,0.0,0.0,0,1,0
v4,Q62,24,0.0,0.0,0.0,0.0,0,1,0
v4,Q62,25,0.0,0.0,0.0,0.0,0,1,0
v4,Q63,1,0.0,0.0,0.0,0.0,0,1,0
v4,Q63,2,0.0,0.0,0.0,0.0,0,1,0
v4,Q63,3,0.0,0.0,0.0,0.0,0,1,0
v4,Q63,4,0.0,0.0,0.0,0.0,0,1,0
v4,Q63,5,0.0,0.0,0.0,0.0,0,1,0
v4,Q63,6,0.0,0.0,0.0,0.0,0,1,0
v4,Q63,7,0.0,0.0,0.0,0.0,0,1,0
v4,Q63,8,0.0,0.0,0.0,0.0,0,1,0
v4,Q63,9,0.0,0.0,0.0,0.0,0,1,0
v4,Q63,10,0.0,0.0,0.0,0.0,0,1,0
v4,Q63,11,0.0,0.0,0.0,0.0,0,1,0
v4,Q63,12,0.0,0.0,0.0,0.0,0,1,0
v4,Q63,13,0.0,0.0,0.0,0.0,0,1,0
v4,Q63,14,0.0,0.0,0.0,0.0,0,1,0
v4,Q63,15,0.0,0.0,0.0,0.0,0,1,0
v4,Q63,16,0.0,0.0,0.0,0.0,0,1,0
v4,Q63,17,0.0,0.0,0.0,0.0,0,1,0
v4,Q63,18,0.0,0.0,0.0,0.0,0,1,0
v4,Q63,19,0.0,0.0,0.0,0.0,0,1,0
v4,Q63,20,0.0,0.0,0.0,0.0,0,1,0
v4,Q63,21,0.0,0.0,0.0,0.0,0,1,0
v4,Q63,22,0.0,0.0,0.0,0.0,0,1,0
v4,Q63,23,0.0,0.0,0.0,0.0,0,1,0
v4,Q63,24,0.0,0.0,0.0,0.0,0,1,0
v4,Q63,25,0.0,0.0,0.0,0.0,0,1,0
v4,Q64,1,0.0,0.0,0.0,0.0,0,1,0
v4,Q64,2,0.0,0.0,0.0,0.0,1,1,0
v4,Q64,3,0.0,0.0,0.0,0.0,0,1,0
v4,Q64,4,0.0,0.0,0.0,0.0,0,1,0
v4,Q64,5,0.0,0.0,0.0,0.0,0,1,0
v4,Q64,6,0.0,0.0,0.0,0.0,0,1,0
v4,Q64,7,0.0,0.0,0.0,0.0,0,1,0
v4,Q64,8,0.0,0.0,0.0,0.0,0,1,0
v4,Q64,9,0.0,0.0,0.0,0.0,0,1,0
v4,Q64,10,0.0,0.0,0.0,0.0,0,1,0
v4,Q64,11,0.0,0.0,0.0,0.0,0,1,0
v4,Q64,12,0.0,0.0,0.0,0.0,1,1,0
v4,Q64,13,0.0,0.0,0.0,0.0,0,1,0
v4,Q64,14,0.0,0.0,0.0,0.0,0,1,0
v4,Q64,15,0.0,0.0,0.0,0.0,0,1,0
v4,Q64,16,0.0,0.0,0.0,0.0,0,1,0
v4,Q64,17,0.0,0.0,0.0,0.0,1,1,0
v4,Q64,18,0.0,0.0,0.0,0.0,1,1,0
v4,Q64,19,0.0,0.0,0.0,0.0,1,1,0
v4,Q64,20,0.0,0.0,0.0,0.0,0,1,0
v4,Q64,21,0.0,0.0,0.0,0.0,0,1,0
v4,Q64,22,0.0,0.0,0.0,0.0,0,1,0
v4,Q64,23,0.0,0.0,0.0,0.0,0,1,0
v4,Q64,24,0.0,0.0,0.0,0.0,0,1,0
v4,Q64,25,0.0,0.0,0.0,0.0,0,1,0
v4,Q65,1,0.0,0.0,0.0,0.0,0,4,0
v4,Q65,2,0.0,0.0,0.0,0.0,0,4,0
v4,Q65,3,0.0,0.0,0.0,0.0,0,4,0
v4,Q65,4,0.0,0.0,0.0,0.0,0,4,0
v4,Q65,5,0.0,0.0,0.0,0.0,0,4,0
v4,Q65,6,0.0,0.0,0.0,0.0,0,4,0
v4,Q65,7,0.0,0.0,0.0,0.0,0,4,0
v4,Q65,8,0.0,0.0,0.0,0.0,0,4,0
v4,Q65,9,0.0,0.0,0.0,0.0,0,4,0
v4,Q65,10,0.0,0.0,0.0,0.0,0,4,0
v4,Q65,11,0.0,0.0,0.0,0.0,0,4,0
v4,Q65,12,0.0,0.0,0.0,0.0,0,4,0
v4,Q65,13,0.0,0.0,0.0,0.0,0,4,0
v4,Q65,14,0.0,0.0,0.0,0.0,0,4,0
v4,Q65,15,0.0,0.0,0.0,0.0,0,4,0
v4,Q65,16,0.0,0.0,0.0,0.0,0,4,0
v4,Q65,17,0.0,0.0,0.0,0.0,0,4,0
v4,Q65,18,0.0,0.0,0.0,0.0,0,4,0
v4,Q65,19,0.0,0.0,0.0,0.0,0,4,0
v4,Q65,20,0.0,0.0,0.0,0.0,0,4,0
v4,Q65,21,0.0,0.0,0.0,0.0,0,4,0
v4,Q65,22,0.0,0.0,0.0,0.0,0,4,0
v4,Q65,23,0.0,0.0,0.0,0.0,0,4,0
v4,Q65,24,0.0,0.0,0.0,0.0,0,4,0
v4,Q65,25,0.0,0.0,0.0,0.0,0,4,0
v4,Q66,1,0.0,0.0,0.0,0.0,0,1,0
v4,Q66,2,0.0,0.0,0.0,0.0,0,1,0
v4,Q66,3,0.0,0.0,0.0,0.0,0,1,0
v4,Q66,4,0.0,0.0,0.0,0.0,0,1,0
v4,Q66,5,0.0,0.0,0.0,0.0,0,1,0
v4,Q66,6,0.0,0.0,0.0,0.0,0,1,0
v4,Q66,7,0.0,0.0,0.0,0.0,0,1,0
v4,Q66,8,0.0,0.0,0.0,0.0,0,1,0
v4,Q66,9,0.0,0.0,0.0,0.0,0,1,0
v4,Q66,10,0.0,0.0,0.0,0.0,0,1,0
v4,Q66,11,0.0,0.0,0.0,0.0,0,1,0
v4,Q66,12,0.0,0.0,0.0,0.0,0,1,0
v4,Q66,13,0.0,0.0,0.0,0.0,0,1,0
v4,Q66,14,0.0,0.0,0.0,0.0,0,1,0
v4,Q66,15,0.0,0.0,0.0,0.0,0,1,0
v4,Q66,16,0.0,0.0,0.0,0.0,0,1,0
v4,Q66,17,0.0,0.0,0.0,0.0,0,1,0
v4,Q66,18,0.0,0.0,0.0,0.0,0,1,0
v4,Q66,19,0.0,0.0,0.0,0.0,0,1,0
v4,Q66,20,0.0,0.0,0.0,0.0,0,1,0
v4,Q66,21,0.0,0.0,0.0,0.0,0,1,0
v4,Q66,22,0.0,0.0,0.0,0.0,0,1,0
v4,Q66,23,0.0,0.0,0.0,0.0,0,1,0
v4,Q66,24,0.0,0.0,0.0,0.0,0,1,0
v4,Q66,25,0.0,0.0,0.0,0.0,1,1,0
v4,Q67,1,0.0,0.0,0.0,0.0,0,1,0
v4,Q67,2,0.0,0.0,0.0,0.0,0,1,0
v4,Q67,3,0.0,0.0,0.0,0.0,0,1,0
v4,Q67,4,0.0,0.0,0.0,0.0,0,1,0
v4,Q67,5,0.0,0.0,0.0,0.0,0,1,0
v4,Q67,6,0.0,0.0,0.0,0.0,0,1,0
v4,Q67,7,0.0,0.0,0.0,0.0,0,1,0
v4,Q67,8,0.0,0.0,0.0,0.0,0,1,0
v4,Q67,9,0.0,0.0,0.0,0.0,0,1,0
v4,Q67,10,0.0,0.0,0.0,0.0,0,1,0
v4,Q67,11,0.0,0.0,0.0,0.0,0,1,0
v4,Q67,12,0.0,0.0,0.0,0.0,0,1,0
v4,Q67,13,0.0,0.0,0.0,0.0,0,1,0
v4,Q67,14,0.0,0.0,0.0,0.0,0,1,0
v4,Q67,15,0.0,0.0,0.0,0.0,0,1,0
v4,Q67,16,0.0,0.0,0.0,0.0,0,1,0
v4,Q67,17,0.0,0.0,0.0,0.0,0,1,0
v4,Q67,18,0.0,0.0,0.0,0.0,1,1,0
v4,Q67,19,0.0,0.0,0.0,0.0,0,1,0
v4,Q67,20,0.0,0.0,0.0,0.0,0,1,0
v4,Q67,21,0.0,0.0,0.0,0.0,0,1,0
v4,Q67,22,0.0,0.0,0.0,0.0,0,1,0
v4,Q67,23,0.0,0.0,0.0,0.0,0,1,0
v4,Q67,24,0.0,0.0,0.0,0.0,0,1,0
v4,Q67,25,0.0,0.0,0.0,0.0,0,1,0
v4,Q68,1,0.0,0.0,0.0,0.0,0,2,0
v4,Q68,2,0.0,0.0,0.0,0.0,0,2,0
v4,Q68,3,0.0,0.0,0.0,0.0,0,2,0
v4,Q68,4,0.0,0.0,0.0,0.0,0,2,0
v4,Q68,5,0.0,0.0,0.0,0.0,0,2,0
v4,Q68,6,0.0,0.0,0.0,0.0,0,2,0
v4,Q68,7,0.0,0.0,0.0,0.0,0,2,0
v4,Q68,8,0.0,0.0,0.0,0.0,0,2,0
v4,Q68,9,0.0,0.0,0.0,0.0,0,2,0
v4,Q68,10,0.0,0.0,0.0,0.0,0,2,0
v4,Q68,11,0.0,0.0,0.0,0.0,0,2,0
v4,Q68,12,0.0,0.0,0.0,0.0,0,2,0
v4,Q68,13,0.0,0.0,0.0,0.0,0,2,0
v4,Q68,14,0.0,0.0,0.0,0.0,0,2,0
v4,Q68,15,0.0,0.0,0.0,0.0,0,2,0
v4,Q68,16,0.0,0.0,0.0,0.0,0,2,0
v4,Q68,17,0.0,0.0,0.0,0.0,0,2,0
v4,Q68,18,0.0,0.0,0.0,0.0,0,2,0
v4,Q68,19,0.0,0.0,0.0,0.0,0,2,0
v4,Q68,20,0.0,0.0,0.0,0.0,0,2,0
v4,Q68,21,0.0,0.0,0.0,0.0,0,2,0
v4,Q68,22,0.0,0.0,0.0,0.0,0,2,0
v4,Q68,23,0.0,0.0,0.0,0.0,0,2,0
v4,Q68,24,0.0,0.0,0.0,0.0,0,2,0
v4,Q68,25,0.0,0.0,0.0,0.0,0,2,0
v4,Q69,1,0.0,0.0,0.0,0.0,0,2,0
v4,Q69,2,0.0,0.0,0.0,0.0,0,2,0
v4,Q69,3,0.0,0.0,0.0,0.0,0,2,0
v4,Q69,4,0.0,0.0,0.0,0.0,0,2,0
v4,Q69,5,0.0,0.0,0.0,0.0,0,2,0
v4,Q69,6,0.0,0.0,0.0,0.0,0,2,0
v4,Q69,7,0.0,0.0,0.0,0.0,0,2,0
v4,Q69,8,0.0,0.0,0.0,0.0,0,2,0
v4,Q69,9,0.0,0.0,0.0,0.0,0,2,0
v4,Q69,10,0.0,0.0,0.0,0.0,0,2,0
v4,Q69,11,0.0,0.0,0.0,0.0,0,2,0
v4,Q69,12,0.0,0.0,0.0,0.0,0,2,0
v4,Q69,13,0.0,0.0,0.0,0.0,0,2,0
v4,Q69,14,0.0,0.0,0.0,0.0,0,2,0
v4,Q69,15,0.0,0.0,0.0,0.0,0,2,0
v4,Q69,16,0.0,0.0,0.0,0.0,0,2,0
v4,Q69,17,0.0,0.0,0.0,0.0,0,2,0
v4,Q69,18,0.0,0.0,0.0,0.0,0,2,0
v4,Q69,19,0.0,0.0,0.0,0.0,0,2,0
v4,Q69,20,0.0,0.0,0.0,0.0,0,2,0
v4,Q69,21,0.0,0.0,0.0,0.0,0,2,0
v4,Q69,22,0.0,0.0,0.0,0.0,0,2,0
v4,Q69,23,0.0,0.0,0.0,0.0,0,2,0
v4,Q69,24,0.0,0.0,0.0,0.0,0,2,0
v4,Q69,25,0.0,0.0,0.0,0.0,0,2,0
v4,Q7,1,0.0,0.0,0.0,0.0,0,1,0
v4,Q7,2,0.0,0.0,0.0,0.0,0,1,0
v4,Q7,3,0.0,0.0,0.0,0.0,0,1,0
v4,Q7,4,0.0,0.0,0.0,0.0,0,1,0
v4,Q7,5,0.0,0.0,0.0,0.0,0,1,0
v4,Q7,6,0.0,0.0,0.0,0.0,0,1,0
v4,Q7,7,0.0,0.0,0.0,0.0,0,1,0
v4,Q7,8,0.0,0.0,0.0,0.0,0,1,0
v4,Q7,9,0.0,0.0,0.0,0.0,0,1,0
v4,Q7,10,0.0,0.0,0.0,0.0,0,1,0
v4,Q7,11,0.0,0.0,0.0,0.0,0,1,0
v4,Q7,12,0.0,0.0,0.0,0.0,0,1,0
v4,Q7,13,0.0,0.0,0.0,0.0,0,1,0
v4,Q7,14,0.0,0.0,0.0,0.0,0,1,0
v4,Q7,15,0.0,0.0,0.0,0.0,0,1,0
v4,Q7,16,0.0,0.0,0.0,0.0,0,1,0
v4,Q7,17,0.0,0.0,0.0,0.0,0,1,0
v4,Q7,18,0.0,0.0,0.0,0.0,0,1,0
v4,Q7,19,0.0,0.0,0.0,0.0,0,1,0
v4,Q7,20,0.0,0.0,0.0,0.0,0,1,0
v4,Q7,21,0.0,0.0,0.0,0.0,0,1,0
v4,Q7,22,0.0,0.0,0.0,0.0,0,1,0
v4,Q7,23,0.0,0.0,0.0,0.0,0,1,0
v4,Q7,24,0.0,0.0,0.0,0.0,0,1,0
v4,Q7,25,0.0,0.0,0.0,0.0,0,1,0
v4,Q70,1,0.0,0.0,0.0,0.0,0,1,0
v4,Q70,2,0.0,0.0,0.0,0.0,0,1,0
v4,Q70,3,0.0,0.0,0.0,0.0,0,1,0
v4,Q70,4,0.0,0.0,0.0,0.0,0,1,0
v4,Q70,5,0.0,0.0,0.0,0.0,0,1,0
v4,Q70,6,0.0,0.0,0.0,0.0,0,1,0
v4,Q70,7,0.0,0.0,0.0,0.0,0,1,0
v4,Q70,8,0.0,0.0,0.0,0.0,0,1,0
v4,Q70,9,0.0,0.0,0.0,0.0,0,1,0
v4,Q70,10,0.0,0.0,0.0,0.0,0,1,0
v4,Q70,11,0.0,0.0,0.0,0.0,0,1,0
v4,Q70,12,0.0,0.0,0.0,0.0,0,1,0
v4,Q70,13,0.0,0.0,0.0,0.0,0,1,0
v4,Q70,14,0.0,0.0,0.0,0.0,0,1,0
v4,Q70,15,0.0,0.0,0.0,0.0,0,1,0
v4,Q70,16,0.0,0.0,0.0,0.0,0,1,0
v4,Q70,17,0.0,0.0,0.0,0.0,0,1,0
v4,Q70,18,0.0,0.0,0.0,0.0,0,1,0
v4,Q70,19,0.0,0.0,0.0,0.0,0,1,0
v4,Q70,20,0.0,0.0,0.0,0.0,0,1,0
v4,Q70,21,0.0,0.0,0.0,0.0,0,1,0
v4,Q70,22,0.0,0.0,0.0,0.0,0,1,0
v4,Q70,23,0.0,0.0,0.0,0.0,0,1,0
v4,Q70,24,0.0,0.0,0.0,0.0,0,1,0
v4,Q70,25,0.0,0.0,0.0,0.0,0,1,0
v4,Q71,1,0.0,0.0,0.0,0.0,1,2,0
v4,Q71,2,0.0,0.0,0.0,0.0,1,2,0
v4,Q71,3,0.0,0.0,0.0,0.0,1,2,0
v4,Q71,4,0.0,0.0,0.0,0.0,1,2,0
v4,Q71,5,0.0,0.0,0.0,0.0,1,2,0
v4,Q71,6,0.0,0.0,0.0,0.0,1,2,0
v4,Q71,7,0.0,0.0,0.0,0.0,1,2,0
v4,Q71,8,0.0,0.0,0.0,0.0,1,2,0
v4,Q71,9,0.0,0.0,0.0,0.0,1,2,0
v4,Q71,10,0.0,0.0,0.0,0.0,1,2,0
v4,Q71,11,0.0,0.0,0.0,0.0,1,2,0
v4,Q71,12,0.0,0.0,0.0,0.0,1,2,0
v4,Q71,13,0.0,0.0,0.0,0.0,1,2,0
v4,Q71,14,0.0,0.0,0.0,0.0,1,2,0
v4,Q71,15,0.0,0.0,0.0,0.0,1,2,0
v4,Q71,16,0.0,0.0,0.0,0.0,1,2,0
v4,Q71,17,0.0,0.0,0.0,0.0,1,2,0
v4,Q71,18,0.0,0.0,0.0,0.0,1,2,0
v4,Q71,19,0.0,0.0,0.0,0.0,1,2,0
v4,Q71,20,0.0,0.0,0.0,0.0,1,2,0
v4,Q71,21,0.0,0.0,0.0,0.0,1,2,0
v4,Q71,22,0.0,0.0,0.0,0.0,1,2,0
v4,Q71,23,0.0,0.0,0.0,0.0,1,2,0
v4,Q71,24,0.0,0.0,0.0,0.0,1,2,0
v4,Q71,25,0.0,0.0,0.0,0.0,1,2,0
v4,Q72,1,0.0,0.0,0.0,0.0,1,1,0
v4,Q72,2,0.0,0.0,0.0,0.0,1,1,0
v4,Q72,3,0.0,0.0,0.0,0.0,1,1,0
v4,Q72,4,0.0,0.0,0.0,0.0,1,1,0
v4,Q72,5,0.0,0.0,0.0,0.0,1,1,0
v4,Q72,6,0.0,0.0,0.0,0.0,1,1,0
v4,Q72,7,0.0,0.0,0.0,0.0,1,1,0
v4,Q72,8,0.0,0.0,0.0,0.0,1,1,0
v4,Q72,9,0.0,0.0,0.0,0.0,1,1,0
v4,Q72,10,0.0,0.0,0.0,0.0,1,1,0
v4,Q72,11,0.0,0.0,0.0,0.0,1,1,0
v4,Q72,12,0.0,0.0,0.0,0.0,1,1,0
v4,Q72,13,0.0,0.0,0.0,0.0,1,1,0
v4,Q72,14,0.0,0.0,0.0,0.0,1,1,0
v4,Q72,15,0.0,0.0,0.0,0.0,1,1,0
v4,Q72,16,0.0,0.0,0.0,0.0,1,1,0
v4,Q72,17,0.0,0.0,0.0,0.0,1,1,0
v4,Q72,18,0.0,0.0,0.0,0.0,1,1,0
v4,Q72,19,0.0,0.0,0.0,0.0,1,1,0
v4,Q72,20,0.0,0.0,0.0,0.0,1,1,0
v4,Q72,21,0.0,0.0,0.0,0.0,1,1,0
v4,Q72,22,0.0,0.0,0.0,0.0,1,1,0
v4,Q72,23,0.0,0.0,0.0,0.0,1,1,0
v4,Q72,24,0.0,0.0,0.0,0.0,1,1,0
v4,Q72,25,0.0,0.0,0.0,0.0,1,1,0
v4,Q73,1,0.0,0.0,0.0,0.0,0,10,0
v4,Q73,2,0.0,0.0,0.0,0.0,0,10,0
v4,Q73,3,0.0,0.0,0.0,0.0,0,10,0
v4,Q73,4,0.0,0.0,0.0,0.0,0,10,0
v4,Q73,5,0.0,0.0,0.0,0.0,0,10,0
v4,Q73,6,0.0,0.0,0.0,0.0,0,10,0
v4,Q73,7,0.0,0.0,0.0,0.0,0,10,0
v4,Q73,8,0.0,0.0,0.0,0.0,0,10,0
v4,Q73,9,0.0,0.0,0.0,0.0,0,10,0
v4,Q73,10,0.0,0.0,0.0,0.0,0,10,0
v4,Q73,11,0.0,0.0,0.0,0.0,0,10,0
v4,Q73,12,0.0,0.0,0.0,0.0,0,10,0
v4,Q73,13,0.0,0.0,0.0,0.0,0,10,0
v4,Q73,14,0.0,0.0,0.0,0.0,0,10,0
v4,Q73,15,0.0,0.0,0.0,0.0,0,10,0
v4,Q73,16,0.0,0.0,0.0,0.0,0,10,0
v4,Q73,17,0.0,0.0,0.0,0.0,0,10,0
v4,Q73,18,0.0,0.0,0.0,0.0,0,10,0
v4,Q73,19,0.0,0.0,0.0,0.0,0,10,0
v4,Q73,20,0.0,0.0,0.0,0.0,0,10,0
v4,Q73,21,0.0,0.0,0.0,0.0,0,10,0
v4,Q73,22,0.0,0.0,0.0,0.0,0,10,0
v4,Q73,23,0.0,0.0,0.0,0.0,0,10,0
v4,Q73,24,0.0,0.0,0.0,0.0,0,10,0
v4,Q73,25,0.0,0.0,0.0,0.0,0,10,0
v4,Q74,1,0.0,0.0,0.0,0.0,0,4,0
v4,Q74,2,0.0,0.0,0.0,0.0,0,4,0
v4,Q74,3,0.0,0.0,0.0,0.0,0,4,0
v4,Q74,4,0.0,0.0,0.0,0.0,0,4,0
v4,Q74,5,0.0,0.0,0.0,0.0,0,4,0
v4,Q74,6,0.0,0.0,0.0,0.0,0,4,0
v4,Q74,7,0.0,0.0,0.0,0.0,0,4,0
v4,Q74,8,0.0,0.0,0.0,0.0,0,4,0
v4,Q74,9,0.0,0.0,0.0,0.0,0,4,0
v4,Q74,10,0.0,0.0,0.0,0.0,0,4,0
v4,Q74,11,0.0,0.0,0.0,0.0,0,4,0
v4,Q74,12,0.0,0.0,0.0,0.0,0,4,0
v4,Q74,13,0.0,0.0,0.0,0.0,0,4,0
v4,Q74,14,0.0,0.0,0.0,0.0,0,4,0
v4,Q74,15,0.0,0.0,0.0,0.0,0,4,0
v4,Q74,16,0.0,0.0,0.0,0.0,0,4,0
v4,Q74,17,0.0,0.0,0.0,0.0,0,4,0
v4,Q74,18,0.0,0.0,0.0,0.0,0,4,0
v4,Q74,19,0.0,0.0,0.0,0.0,0,4,0
v4,Q74,20,0.0,0.0,0.0,0.0,0,4,0
v4,Q74,21,0.0,0.0,0.0,0.0,0,4,0
v4,Q74,22,0.0,0.0,0.0,0.0,0,4,0
v4,Q74,23,0.0,0.0,0.0,0.0,0,4,0
v4,Q74,24,0.0,0.0,0.0,0.0,0,4,0
v4,Q74,25,0.0,0.0,0.0,0.0,0,4,0
v4,Q75,1,0.0,0.0,0.0,0.0,0,3,0
v4,Q75,2,0.0,0.0,0.0,0.0,1,3,0
v4,Q75,3,0.0,0.0,0.0,0.0,0,3,0
v4,Q75,4,0.0,0.0,0.0,0.0,0,3,0
v4,Q75,5,0.0,0.0,0.0,0.0,1,3,0
v4,Q75,6,0.0,0.0,0.0,0.0,1,3,0
v4,Q75,7,0.0,0.0,0.0,0.0,1,3,0
v4,Q75,8,0.0,0.0,0.0,0.0,0,3,0
v4,Q75,9,0.0,0.0,0.0,0.0,1,3,0
v4,Q75,10,0.0,0.0,0.0,0.0,1,3,0
v4,Q75,11,0.0,0.0,0.0,0.0,1,3,0
v4,Q75,12,0.0,0.0,0.0,0.0,1,3,0
v4,Q75,13,0.0,0.0,0.0,0.0,1,3,0
v4,Q75,14,0.0,0.0,0.0,0.0,1,3,0
v4,Q75,15,0.0,0.0,0.0,0.0,1,3,0
v4,Q75,16,0.0,0.0,0.0,0.0,0,3,0
v4,Q75,17,0.0,0.0,0.0,0.0,1,3,0
v4,Q75,18,0.0,0.0,0.0,0.0,1,3,0
v4,Q75,19,0.0,0.0,0.0,0.0,1,3,0
v4,Q75,20,0.0,0.0,0.0,0.0,1,3,0
v4,Q75,21,0.0,0.0,0.0,0.0,0,3,0
v4,Q75,22,0.0,0.0,0.0,0.0,1,3,0
v4,Q75,23,0.0,0.0,0.0,0.0,0,3,0
v4,Q75,24,0.0,0.0,0.0,0.0,1,3,0
v4,Q75,25,0.0,0.0,0.0,0.0,1,3,0
v4,Q76,1,0.0,0.0,0.0,0.0,1,2,0
v4,Q76,2,0.0,0.0,0.0,0.0,1,2,0
v4,Q76,3,0.0,0.0,0.0,0.0,1,2,0
v4,Q76,4,0.0,0.0,0.0,0.0,1,2,0
v4,Q76,5,0.0,0.0,0.0,0.0,1,2,0
v4,Q76,6,0.0,0.0,0.0,0.0,1,2,0
v4,Q76,7,0.0,0.0,0.0,0.0,1,2,0
v4,Q76,8,0.0,0.0,0.0,0.0,1,2,0
v4,Q76,9,0.0,0.0,0.0,0.0,1,2,0
v4,Q76,10,0.0,0.0,0.0,0.0,1,2,0
v4,Q76,11,0.0,0.0,0.0,0.0,1,2,0
v4,Q76,12,0.0,0.0,0.0,0.0,1,2,0
v4,Q76,13,0.0,0.0,0.0,0.0,1,2,0
v4,Q76,14,0.0,0.0,0.0,0.0,1,2,0
v4,Q76,15,0.0,0.0,0.0,0.0,1,2,0
v4,Q76,16,0.0,0.0,0.0,0.0,1,2,0
v4,Q76,17,0.0,0.0,0.0,0.0,1,2,0
v4,Q76,18,0.0,0.0,0.0,0.0,1,2,0
v4,Q76,19,0.0,0.0,0.0,0.0,1,2,0
v4,Q76,20,0.0,0.0,0.0,0.0,1,2,0
v4,Q76,21,0.0,0.0,0.0,0.0,1,2,0
v4,Q76,22,0.0,0.0,0.0,0.0,1,2,0
v4,Q76,23,0.0,0.0,0.0,0.0,1,2,0
v4,Q76,24,0.0,0.0,0.0,0.0,1,2,0
v4,Q76,25,0.0,0.0,0.0,0.0,1,2,0
v4,Q77,1,0.0,0.0,0.0,0.0,1,5,0
v4,Q77,2,0.0,0.0,0.0,0.0,1,5,0
v4,Q77,3,0.0,0.0,0.0,0.0,1,5,0
v4,Q77,4,0.0,0.0,0.0,0.0,1,5,0
v4,Q77,5,0.0,0.0,0.0,0.0,1,5,0
v4,Q77,6,0.0,0.0,0.0,0.0,1,5,0
v4,Q77,7,0.0,0.0,0.0,0.0,1,5,0
v4,Q77,8,0.0,0.0,0.0,0.0,1,5,0
v4,Q77,9,0.0,0.0,0.0,0.0,1,5,0
v4,Q77,10,0.0,0.0,0.0,0.0,1,5,0
v4,Q77,11,0.0,0.0,0.0,0.0,1,5,0
v4,Q77,12,0.0,0.0,0.0,0.0,1,5,0
v4,Q77,13,0.0,0.0,0.0,0.0,1,5,0
v4,Q77,14,0.0,0.0,0.0,0.0,1,5,0
v4,Q77,15,0.0,0.0,0.0,0.0,1,5,0
v4,Q77,16,0.0,0.0,0.0,0.0,1,5,0
v4,Q77,17,0.0,0.0,0.0,0.0,1,5,0
v4,Q77,18,0.0,0.0,0.0,0.0,1,5,0
v4,Q77,19,0.0,0.0,0.0,0.0,1,5,0
v4,Q77,20,0.0,0.0,0.0,0.0,1,5,0
v4,Q77,21,0.0,0.0,0.0,0.0,1,5,0
v4,Q77,22,0.0,0.0,0.0,0.0,1,5,0
v4,Q77,23,0.0,0.0,0.0,0.0,1,5,0
v4,Q77,24,0.0,0.0,0.0,0.0,1,5,0
v4,Q77,25,0.0,0.0,0.0,0.0,1,5,0
v4,Q78,1,0.0,0.0,0.0,0.0,1,2,0
v4,Q78,2,0.0,0.0,0.0,0.0,1,2,0
v4,Q78,3,0.0,0.0,0.0,0.0,1,2,0
v4,Q78,4,0.0,0.0,0.0,0.0,1,2,0
v4,Q78,5,0.0,0.0,0.0,0.0,1,2,0
v4,Q78,6,0.0,0.0,0.0,0.0,1,2,0
v4,Q78,7,0.0,0.0,0.0,0.0,1,2,0
v4,Q78,8,0.0,0.0,0.0,0.0,1,2,0
v4,Q78,9,0.0,0.0,0.0,0.0,1,2,0
v4,Q78,10,0.0,0.0,0.0,0.0,1,2,0
v4,Q78,11,0.0,0.0,0.0,0.0,1,2,0
v4,Q78,12,0.0,0.0,0.0,0.0,1,2,0
v4,Q78,13,0.0,0.0,0.0,0.0,1,2,0
v4,Q78,14,0.0,0.0,0.0,0.0,1,2,0
v4,Q78,15,0.0,0.0,0.0,0.0,1,2,0
v4,Q78,16,0.0,0.0,0.0,0.0,1,2,0
v4,Q78,17,0.0,0.0,0.0,0.0,1,2,0
v4,Q78,18,0.0,0.0,0.0,0.0,1,2,0
v4,Q78,19,0.0,0.0,0.0,0.0,1,2,0
v4,Q78,20,0.0,0.0,0.0,0.0,1,2,0
v4,Q78,21,0.0,0.0,0.0,0.0,1,2,0
v4,Q78,22,0.0,0.0,0.0,0.0,1,2,0
v4,Q78,23,0.0,0.0,0.0,0.0,1,2,0
v4,Q78,24,0.0,0.0,0.0,0.0,1,2,0
v4,Q78,25,0.0,0.0,0.0,0.0,1,2,0
v4,Q79,1,0.0,0.0,0.0,0.0,0,3,0
v4,Q79,2,0.0,0.0,0.0,0.0,0,3,0
v4,Q79,3,0.0,0.0,0.0,0.0,1,3,0
v4,Q79,4,0.0,0.0,0.0,0.0,1,3,0
v4,Q79,5,0.0,0.0,0.0,0.0,1,3,0
v4,Q79,6,0.0,0.0,0.0,0.0,1,3,0
v4,Q79,7,0.0,0.0,0.0,0.0,0,3,0
v4,Q79,8,0.0,0.0,0.0,0.0,1,3,0
v4,Q79,9,0.0,0.0,0.0,0.0,0,3,0
v4,Q79,10,0.0,0.0,0.0,0.0,1,3,0
v4,Q79,11,0.0,0.0,0.0,0.0,1,3,0
v4,Q79,12,0.0,0.0,0.0,0.0,0,3,0
v4,Q79,13,0.0,0.0,0.0,0.0,1,3,0
v4,Q79,14,0.0,0.0,0.0,0.0,1,3,0
v4,Q79,15,0.0,0.0,0.0,0.0,1,3,0
v4,Q79,16,0.0,0.0,0.0,0.0,1,3,0
v4,Q79,17,0.0,0.0,0.0,0.0,0,3,0
v4,Q79,18,0.0,0.0,0.0,0.0,1,3,0
v4,Q79,19,0.0,0.0,0.0,0.0,1,3,0
v4,Q79,20,0.0,0.0,0.0,0.0,1,3,0
v4,Q79,21,0.0,0.0,0.0,0.0,0,3,0
v4,Q79,22,0.0,0.0,0.0,0.0,1,3,0
v4,Q79,23,0.0,0.0,0.0,0.0,1,3,0
v4,Q79,24,0.0,0.0,0.0,0.0,1,3,0
v4,Q79,25,0.0,0.0,0.0,0.0,1,3,0
v4,Q8,1,0.0,0.0,0.0,0.0,1,5,0
v4,Q8,2,0.0,0.0,0.0,0.0,1,5,0
v4,Q8,3,0.0,0.0,0.0,0.0,1,5,0
v4,Q8,4,0.0,0.0,0.0,0.0,1,5,0
v4,Q8,5,0.0,0.0,0.0,0.0,1,5,0
v4,Q8,6,0.0,0.0,0.0,0.0,1,5,0
v4,Q8,7,0.0,0.0,0.0,0.0,1,5,0
v4,Q8,8,0.0,0.0,0.0,0.0,0,5,0
v4,Q8,9,0.0,0.0,0.0,0.0,1,5,0
v4,Q8,10,0.0,0.0,0.0,0.0,1,5,0
v4,Q8,11,0.0,0.0,0.0,0.0,1,5,0
v4,Q8,12,0.0,0.0,0.0,0.0,1,5,0
v4,Q8,13,0.0,0.0,0.0,0.0,1,5,0
v4,Q8,14,0.0,0.0,0.0,0.0,1,5,0
v4,Q8,15,0.0,0.0,0.0,0.0,1,5,0
v4,Q8,16,0.0,0.0,0.0,0.0,1,5,0
v4,Q8,17,0.0,0.0,0.0,0.0,1,5,0
v4,Q8,18,0.0,0.0,0.0,0.0,1,5,0
v4,Q8,19,0.0,0.0,0.0,0.0,1,5,0
v4,Q8,20,0.0,0.0,0.0,0.0,1,5,0
v4,Q8,21,0.0,0.0,0.0,0.0,1,5,0
v4,Q8,22,0.0,0.0,0.0,0.0,1,5,0
v4,Q8,23,0.0,0.0,0.0,0.0,0,5,0
v4,Q8,24,0.0,0.0,0.0,0.0,1,5,0
v4,Q8,25,0.0,0.0,0.0,0.0,1,5,0
v4,Q80,1,0.0,0.0,0.0,0.0,0,2,0
v4,Q80,2,0.0,0.0,0.0,0.0,1,2,0
v4,Q80,3,0.0,0.0,0.0,0.0,0,2,0
v4,Q80,4,0.0,0.0,0.0,0.0,0,2,0
v4,Q80,5,0.0,0.0,0.0,0.0,0,2,0
v4,Q80,6,0.0,0.0,0.0,0.0,0,2,0
v4,Q80,7,0.0,0.0,0.0,0.0,0,2,0
v4,Q80,8,0.0,0.0,0.0,0.0,0,2,0
v4,Q80,9,0.0,0.0,0.0,0.0,0,2,0
v4,Q80,10,0.0,0.0,0.0,0.0,0,2,0
v4,Q80,11,0.0,0.0,0.0,0.0,0,2,0
v4,Q80,12,0.0,0.0,0.0,0.0,0,2,0
v4,Q80,13,0.0,0.0,0.0,0.0,0,2,0
v4,Q80,14,0.0,0.0,0.0,0.0,0,2,0
v4,Q80,15,0.0,0.0,0.0,0.0,0,2,0
v4,Q80,16,0.0,0.0,0.0,0.0,0,2,0
v4,Q80,17,0.0,0.0,0.0,0.0,0,2,0
v4,Q80,18,0.0,0.0,0.0,0.0,0,2,0
v4,Q80,19,0.0,0.0,0.0,0.0,0,2,0
v4,Q80,20,0.0,0.0,0.0,0.0,0,2,0
v4,Q80,21,0.0,0.0,0.0,0.0,1,2,0
v4,Q80,22,0.0,0.0,0.0,0.0,1,2,0
v4,Q80,23,0.0,0.0,0.0,0.0,0,2,0
v4,Q80,24,0.0,0.0,0.0,0.0,0,2,0
v4,Q80,25,0.0,0.0,0.0,0.0,0,2,0
v4,Q81,1,0.0,0.0,0.0,0.0,1,2,0
v4,Q81,2,0.0,0.0,0.0,0.0,0,2,0
v4,Q81,3,0.0,0.0,0.0,0.0,1,2,0
v4,Q81,4,0.0,0.0,0.0,0.0,1,2,0
v4,Q81,5,0.0,0.0,0.0,0.0,1,2,0
v4,Q81,6,0.0,0.0,0.0,0.0,0,2,0
v4,Q81,7,0.0,0.0,0.0,0.0,1,2,0
v4,Q81,8,0.0,0.0,0.0,0.0,1,2,0
v4,Q81,9,0.0,0.0,0.0,0.0,1,2,0
v4,Q81,10,0.0,0.0,0.0,0.0,1,2,0
v4,Q81,11,0.0,0.0,0.0,0.0,1,2,0
v4,Q81,12,0.0,0.0,0.0,0.0,0,2,0
v4,Q81,13,0.0,0.0,0.0,0.0,0,2,0
v4,Q81,14,0.0,0.0,0.0,0.0,1,2,0
v4,Q81,15,0.0,0.0,0.0,0.0,1,2,0
v4,Q81,16,0.0,0.0,0.0,0.0,1,2,0
v4,Q81,17,0.0,0.0,0.0,0.0,0,2,0
v4,Q81,18,0.0,0.0,0.0,0.0,0,2,0
v4,Q81,19,0.0,0.0,0.0,0.0,1,2,0
v4,Q81,20,0.0,0.0,0.0,0.0,1,2,0
v4,Q81,21,0.0,0.0,0.0,0.0,1,2,0
v4,Q81,22,0.0,0.0,0.0,0.0,1,2,0
v4,Q81,23,0.0,0.0,0.0,0.0,1,2,0
v4,Q81,24,0.0,0.0,0.0,0.0,1,2,0
v4,Q81,25,0.0,0.0,0.0,0.0,1,2,0
v4,Q82,1,0.0,0.0,0.0,0.0,1,3,0
v4,Q82,2,0.0,0.0,0.0,0.0,1,3,0
v4,Q82,3,0.0,0.0,0.0,0.0,1,3,0
v4,Q82,4,0.0,0.0,0.0,0.0,1,3,0
v4,Q82,5,0.0,0.0,0.0,0.0,1,3,0
v4,Q82,6,0.0,0.0,0.0,0.0,1,3,0
v4,Q82,7,0.0,0.0,0.0,0.0,1,3,0
v4,Q82,8,0.0,0.0,0.0,0.0,1,3,0
v4,Q82,9,0.0,0.0,0.0,0.0,1,3,0
v4,Q82,10,0.0,0.0,0.0,0.0,1,3,0
v4,Q82,11,0.0,0.0,0.0,0.0,1,3,0
v4,Q82,12,0.0,0.0,0.0,0.0,1,3,0
v4,Q82,13,0.0,0.0,0.0,0.0,1,3,0
v4,Q82,14,0.0,0.0,0.0,0.0,1,3,0
v4,Q82,15,0.0,0.0,0.0,0.0,1,3,0
v4,Q82,16,0.0,0.0,0.0,0.0,1,3,0
v4,Q82,17,0.0,0.0,0.0,0.0,1,3,0
v4,Q82,18,0.0,0.0,0.0,0.0,1,3,0
v4,Q82,19,0.0,0.0,0.0,0.0,1,3,0
v4,Q82,20,0.0,0.0,0.0,0.0,1,3,0
v4,Q82,21,0.0,0.0,0.0,0.0,1,3,0
v4,Q82,22,0.0,0.0,0.0,0.0,1,3,0
v4,Q82,23,0.0,0.0,0.0,0.0,1,3,0
v4,Q82,24,0.0,0.0,0.0,0.0,1,3,0
v4,Q82,25,0.0,0.0,0.0,0.0,1,3,0
v4,Q83,1,0.0,0.0,0.0,0.0,1,3,0
v4,Q83,2,0.0,0.0,0.0,0.0,1,3,0
v4,Q83,3,0.0,0.0,0.0,0.0,1,3,0
v4,Q83,4,0.0,0.0,0.0,0.0,1,3,0
v4,Q83,5,0.0,0.0,0.0,0.0,1,3,0
v4,Q83,6,0.0,0.0,0.0,0.0,1,3,0
v4,Q83,7,0.0,0.0,0.0,0.0,1,3,0
v4,Q83,8,0.0,0.0,0.0,0.0,0,3,0
v4,Q83,9,0.0,0.0,0.0,0.0,1,3,0
v4,Q83,10,0.0,0.0,0.0,0.0,1,3,0
v4,Q83,11,0.0,0.0,0.0,0.0,0,3,0
v4,Q83,12,0.0,0.0,0.0,0.0,1,3,0
v4,Q83,13,0.0,0.0,0.0,0.0,1,3,0
v4,Q83,14,0.0,0.0,0.0,0.0,1,3,0
v4,Q83,15,0.0,0.0,0.0,0.0,1,3,0
v4,Q83,16,0.0,0.0,0.0,0.0,0,3,0
v4,Q83,17,0.0,0.0,0.0,0.0,0,3,0
v4,Q83,18,0.0,0.0,0.0,0.0,1,3,0
v4,Q83,19,0.0,0.0,0.0,0.0,1,3,0
v4,Q83,20,0.0,0.0,0.0,0.0,1,3,0
v4,Q83,21,0.0,0.0,0.0,0.0,0,3,0
v4,Q83,22,0.0,0.0,0.0,0.0,1,3,0
v4,Q83,23,0.0,0.0,0.0,0.0,1,3,0
v4,Q83,24,0.0,0.0,0.0,0.0,1,3,0
v4,Q83,25,0.0,0.0,0.0,0.0,1,3,0
v4,Q84,1,0.0,0.0,0.0,0.0,1,1,0
v4,Q84,2,0.0,0.0,0.0,0.0,1,1,0
v4,Q84,3,0.0,0.0,0.0,0.0,1,1,0
v4,Q84,4,0.0,0.0,0.0,0.0,1,1,0
v4,Q84,5,0.0,0.0,0.0,0.0,1,1,0
v4,Q84,6,0.0,0.0,0.0,0.0,0,1,0
v4,Q84,7,0.0,0.0,0.0,0.0,1,1,0
v4,Q84,8,0.0,0.0,0.0,0.0,1,1,0
v4,Q84,9,0.0,0.0,0.0,0.0,1,1,0
v4,Q84,10,0.0,0.0,0.0,0.0,1,1,0
v4,Q84,11,0.0,0.0,0.0,0.0,1,1,0
v4,Q84,12,0.0,0.0,0.0,0.0,0,1,0
v4,Q84,13,0.0,0.0,0.0,0.0,1,1,0
v4,Q84,14,0.0,0.0,0.0,0.0,1,1,0
v4,Q84,15,0.0,0.0,0.0,0.0,1,1,0
v4,Q84,16,0.0,0.0,0.0,0.0,1,1,0
v4,Q84,17,0.0,0.0,0.0,0.0,0,1,0
v4,Q84,18,0.0,0.0,0.0,0.0,1,1,0
v4,Q84,19,0.0,0.0,0.0,0.0,1,1,0
v4,Q84,20,0.0,0.0,0.0,0.0,0,1,0
v4,Q84,21,0.0,0.0,0.0,0.0,1,1,0
v4,Q84,22,0.0,0.0,0.0,0.0,1,1,0
v4,Q84,23,0.0,0.0,0.0,0.0,1,1,0
v4,Q84,24,0.0,0.0,0.0,0.0,1,1,0
v4,Q84,25,0.0,0.0,0.0,0.0,1,1,0
v4,Q85,1,0.0,0.0,0.0,0.0,1,1,0
v4,Q85,2,0.0,0.0,0.0,0.0,1,1,0
v4,Q85,3,0.0,0.0,0.0,0.0,1,1,0
v4,Q85,4,0.0,0.0,0.0,0.0,1,1,0
v4,Q85,5,0.0,0.0,0.0,0.0,1,1,0
v4,Q85,6,0.0,0.0,0.0,0.0,1,1,0
v4,Q85,7,0.0,0.0,0.0,0.0,1,1,0
v4,Q85,8,0.0,0.0,0.0,0.0,1,1,0
v4,Q85,9,0.0,0.0,0.0,0.0,1,1,0
v4,Q85,10,0.0,0.0,0.0,0.0,1,1,0
v4,Q85,11,0.0,0.0,0.0,0.0,1,1,0
v4,Q85,12,0.0,0.0,0.0,0.0,1,1,0
v4,Q85,13,0.0,0.0,0.0,0.0,1,1,0
v4,Q85,14,0.0,0.0,0.0,0.0,1,1,0
v4,Q85,15,0.0,0.0,0.0,0.0,1,1,0
v4,Q85,16,0.0,0.0,0.0,0.0,1,1,0
v4,Q85,17,0.0,0.0,0.0,0.0,1,1,0
v4,Q85,18,0.0,0.0,0.0,0.0,1,1,0
v4,Q85,19,0.0,0.0,0.0,0.0,1,1,0
v4,Q85,20,0.0,0.0,0.0,0.0,1,1,0
v4,Q85,21,0.0,0.0,0.0,0.0,1,1,0
v4,Q85,22,0.0,0.0,0.0,0.0,1,1,0
v4,Q85,23,0.0,0.0,0.0,0.0,1,1,0
v4,Q85,24,0.0,0.0,0.0,0.0,1,1,0
v4,Q85,25,0.0,0.0,0.0,0.0,1,1,0
v4,Q86,1,0.0,0.0,0.0,0.0,0,1,0
v4,Q86,2,0.0,0.0,0.0,0.0,0,1,0
v4,Q86,3,0.0,0.0,0.0,0.0,0,1,0
v4,Q86,4,0.0,0.0,0.0,0.0,0,1,0
v4,Q86,5,0.0,0.0,0.0,0.0,0,1,0
v4,Q86,6,0.0,0.0,0.0,0.0,0,1,0
v4,Q86,7,0.0,0.0,0.0,0.0,0,1,0
v4,Q86,8,0.0,0.0,0.0,0.0,0,1,0
v4,Q86,9,0.0,0.0,0.0,0.0,0,1,0
v4,Q86,10,0.0,0.0,0.0,0.0,0,1,0
v4,Q86,11,0.0,0.0,0.0,0.0,0,1,0
v4,Q86,12,0.0,0.0,0.0,0.0,0,1,0
v4,Q86,13,0.0,0.0,0.0,0.0,0,1,0
v4,Q86,14,0.0,0.0,0.0,0.0,0,1,0
v4,Q86,15,0.0,0.0,0.0,0.0,0,1,0
v4,Q86,16,0.0,0.0,0.0,0.0,0,1,0
v4,Q86,17,0.0,0.0,0.0,0.0,0,1,0
v4,Q86,18,0.0,0.0,0.0,0.0,0,1,0
v4,Q86,19,0.0,0.0,0.0,0.0,0,1,0
v4,Q86,20,0.0,0.0,0.0,0.0,0,1,0
v4,Q86,21,0.0,0.0,0.0,0.0,0,1,0
v4,Q86,22,0.0,0.0,0.0,0.0,0,1,0
v4,Q86,23,0.0,0.0,0.0,0.0,0,1,0
v4,Q86,24,0.0,0.0,0.0,0.0,0,1,0
v4,Q86,25,0.0,0.0,0.0,0.0,0,1,0
v4,Q87,1,1.0,0.2,0.33333333333333337,0.2,1,5,1
v4,Q87,2,1.0,0.2,0.33333333333333337,0.2,1,5,1
v4,Q87,3,1.0,0.2,0.33333333333333337,0.2,1,5,1
v4,Q87,4,0.0,0.0,0.0,0.0,0,5,0
v4,Q87,5,1.0,0.2,0.33333333333333337,0.2,1,5,1
v4,Q87,6,0.0,0.0,0.0,0.0,0,5,0
v4,Q87,7,0.0,0.0,0.0,0.0,0,5,0
v4,Q87,8,0.0,0.0,0.0,0.0,0,5,0
v4,Q87,9,0.0,0.0,0.0,0.0,0,5,0
v4,Q87,10,0.0,0.0,0.0,0.0,0,5,0
v4,Q87,11,0.0,0.0,0.0,0.0,0,5,0
v4,Q87,12,1.0,0.2,0.33333333333333337,0.2,1,5,1
v4,Q87,13,0.0,0.0,0.0,0.0,0,5,0
v4,Q87,14,0.0,0.0,0.0,0.0,0,5,0
v4,Q87,15,0.0,0.0,0.0,0.0,0,5,0
v4,Q87,16,1.0,0.2,0.33333333333333337,0.2,1,5,1
v4,Q87,17,1.0,0.2,0.33333333333333337,0.2,1,5,1
v4,Q87,18,1.0,0.2,0.33333333333333337,0.2,1,5,1
v4,Q87,19,0.0,0.0,0.0,0.0,0,5,0
v4,Q87,20,0.0,0.0,0.0,0.0,0,5,0
v4,Q87,21,1.0,0.2,0.33333333333333337,0.2,1,5,1
v4,Q87,22,0.0,0.0,0.0,0.0,0,5,0
v4,Q87,23,0.0,0.0,0.0,0.0,0,5,0
v4,Q87,24,0.0,0.0,0.0,0.0,0,5,0
v4,Q87,25,0.0,0.0,0.0,0.0,0,5,0
v4,Q88,1,0.0,0.0,0.0,0.0,1,3,0
v4,Q88,2,0.0,0.0,0.0,0.0,1,3,0
v4,Q88,3,0.0,0.0,0.0,0.0,1,3,0
v4,Q88,4,0.0,0.0,0.0,0.0,1,3,0
v4,Q88,5,0.0,0.0,0.0,0.0,1,3,0
v4,Q88,6,0.0,0.0,0.0,0.0,1,3,0
v4,Q88,7,0.0,0.0,0.0,0.0,1,3,0
v4,Q88,8,0.0,0.0,0.0,0.0,1,3,0
v4,Q88,9,0.0,0.0,0.0,0.0,1,3,0
v4,Q88,10,0.0,0.0,0.0,0.0,1,3,0
v4,Q88,11,0.0,0.0,0.0,0.0,1,3,0
v4,Q88,12,0.0,0.0,0.0,0.0,1,3,0
v4,Q88,13,0.0,0.0,0.0,0.0,1,3,0
v4,Q88,14,0.0,0.0,0.0,0.0,1,3,0
v4,Q88,15,0.0,0.0,0.0,0.0,1,3,0
v4,Q88,16,0.0,0.0,0.0,0.0,1,3,0
v4,Q88,17,0.0,0.0,0.0,0.0,1,3,0
v4,Q88,18,0.0,0.0,0.0,0.0,1,3,0
v4,Q88,19,0.0,0.0,0.0,0.0,1,3,0
v4,Q88,20,0.0,0.0,0.0,0.0,1,3,0
v4,Q88,21,0.0,0.0,0.0,0.0,1,3,0
v4,Q88,22,0.0,0.0,0.0,0.0,1,3,0
v4,Q88,23,0.0,0.0,0.0,0.0,1,3,0
v4,Q88,24,0.0,0.0,0.0,0.0,1,3,0
v4,Q88,25,0.0,0.0,0.0,0.0,1,3,0
v4,Q89,1,0.0,0.0,0.0,0.0,1,3,0
v4,Q89,2,0.0,0.0,0.0,0.0,0,3,0
v4,Q89,3,0.0,0.0,0.0,0.0,0,3,0
v4,Q89,4,0.0,0.0,0.0,0.0,0,3,0
v4,Q89,5,0.0,0.0,0.0,0.0,0,3,0
v4,Q89,6,0.0,0.0,0.0,0.0,0,3,0
v4,Q89,7,0.0,0.0,0.0,0.0,0,3,0
v4,Q89,8,0.0,0.0,0.0,0.0,1,3,0
v4,Q89,9,0.0,0.0,0.0,0.0,0,3,0
v4,Q89,10,0.0,0.0,0.0,0.0,1,3,0
v4,Q89,11,0.0,0.0,0.0,0.0,1,3,0
v4,Q89,12,0.0,0.0,0.0,0.0,0,3,0
v4,Q89,13,0.0,0.0,0.0,0.0,0,3,0
v4,Q89,14,0.0,0.0,0.0,0.0,0,3,0
v4,Q89,15,0.0,0.0,0.0,0.0,0,3,0
v4,Q89,16,0.0,0.0,0.0,0.0,0,3,0
v4,Q89,17,0.0,0.0,0.0,0.0,0,3,0
v4,Q89,18,0.0,0.0,0.0,0.0,0,3,0
v4,Q89,19,0.0,0.0,0.0,0.0,0,3,0
v4,Q89,20,0.0,0.0,0.0,0.0,0,3,0
v4,Q89,21,0.0,0.0,0.0,0.0,1,3,0
v4,Q89,22,0.0,0.0,0.0,0.0,0,3,0
v4,Q89,23,0.0,0.0,0.0,0.0,0,3,0
v4,Q89,24,0.0,0.0,0.0,0.0,0,3,0
v4,Q89,25,0.0,0.0,0.0,0.0,0,3,0
v4,Q9,1,0.0,0.0,0.0,0.0,1,4,0
v4,Q9,2,0.0,0.0,0.0,0.0,1,4,0
v4,Q9,3,0.0,0.0,0.0,0.0,1,4,0
v4,Q9,4,0.0,0.0,0.0,0.0,1,4,0
v4,Q9,5,0.0,0.0,0.0,0.0,1,4,0
v4,Q9,6,0.0,0.0,0.0,0.0,1,4,0
v4,Q9,7,0.0,0.0,0.0,0.0,1,4,0
v4,Q9,8,0.0,0.0,0.0,0.0,1,4,0
v4,Q9,9,0.0,0.0,0.0,0.0,1,4,0
v4,Q9,10,0.0,0.0,0.0,0.0,1,4,0
v4,Q9,11,0.0,0.0,0.0,0.0,1,4,0
v4,Q9,12,0.0,0.0,0.0,0.0,1,4,0
v4,Q9,13,0.0,0.0,0.0,0.0,1,4,0
v4,Q9,14,0.0,0.0,0.0,0.0,1,4,0
v4,Q9,15,0.0,0.0,0.0,0.0,1,4,0
v4,Q9,16,0.0,0.0,0.0,0.0,1,4,0
v4,Q9,17,0.0,0.0,0.0,0.0,1,4,0
v4,Q9,18,0.0,0.0,0.0,0.0,1,4,0
v4,Q9,19,0.0,0.0,0.0,0.0,1,4,0
v4,Q9,20,0.0,0.0,0.0,0.0,1,4,0
v4,Q9,21,0.0,0.0,0.0,0.0,1,4,0
v4,Q9,22,0.0,0.0,0.0,0.0,1,4,0
v4,Q9,23,0.0,0.0,0.0,0.0,1,4,0
v4,Q9,24,0.0,0.0,0.0,0.0,1,4,0
v4,Q9,25,0.0,0.0,0.0,0.0,1,4,0
v4,Q90,1,0.0,0.0,0.0,0.0,1,3,0
v4,Q90,2,0.0,0.0,0.0,0.0,1,3,0
v4,Q90,3,0.0,0.0,0.0,0.0,1,3,0
v4,Q90,4,0.0,0.0,0.0,0.0,1,3,0
v4,Q90,5,0.0,0.0,0.0,0.0,1,3,0
v4,Q90,6,0.0,0.0,0.0,0.0,1,3,0
v4,Q90,7,0.0,0.0,0.0,0.0,1,3,0
v4,Q90,8,0.0,0.0,0.0,0.0,1,3,0
v4,Q90,9,0.0,0.0,0.0,0.0,1,3,0
v4,Q90,10,0.0,0.0,0.0,0.0,1,3,0
v4,Q90,11,0.0,0.0,0.0,0.0,1,3,0
v4,Q90,12,0.0,0.0,0.0,0.0,1,3,0
v4,Q90,13,0.0,0.0,0.0,0.0,1,3,0
v4,Q90,14,0.0,0.0,0.0,0.0,1,3,0
v4,Q90,15,0.0,0.0,0.0,0.0,1,3,0
v4,Q90,16,0.0,0.0,0.0,0.0,1,3,0
v4,Q90,17,0.0,0.0,0.0,0.0,1,3,0
v4,Q90,18,0.0,0.0,0.0,0.0,1,3,0
v4,Q90,19,0.0,0.0,0.0,0.0,1,3,0
v4,Q90,20,0.0,0.0,0.0,0.0,1,3,0
v4,Q90,21,0.0,0.0,0.0,0.0,1,3,0
v4,Q90,22,0.0,0.0,0.0,0.0,1,3,0
v4,Q90,23,0.0,0.0,0.0,0.0,1,3,0
v4,Q90,24,0.0,0.0,0.0,0.0,1,3,0
v4,Q90,25,0.0,0.0,0.0,0.0,1,3,0
v4,Q91,1,0.0,0.0,0.0,0.0,0,2,0
v4,Q91,2,0.0,0.0,0.0,0.0,0,2,0
v4,Q91,3,0.0,0.0,0.0,0.0,0,2,0
v4,Q91,4,0.0,0.0,0.0,0.0,0,2,0
v4,Q91,5,0.0,0.0,0.0,0.0,0,2,0
v4,Q91,6,0.0,0.0,0.0,0.0,0,2,0
v4,Q91,7,0.0,0.0,0.0,0.0,0,2,0
v4,Q91,8,0.0,0.0,0.0,0.0,0,2,0
v4,Q91,9,0.0,0.0,0.0,0.0,0,2,0
v4,Q91,10,0.0,0.0,0.0,0.0,0,2,0
v4,Q91,11,0.0,0.0,0.0,0.0,0,2,0
v4,Q91,12,0.0,0.0,0.0,0.0,0,2,0
v4,Q91,13,0.0,0.0,0.0,0.0,0,2,0
v4,Q91,14,0.0,0.0,0.0,0.0,0,2,0
v4,Q91,15,0.0,0.0,0.0,0.0,0,2,0
v4,Q91,16,0.0,0.0,0.0,0.0,0,2,0
v4,Q91,17,0.0,0.0,0.0,0.0,0,2,0
v4,Q91,18,0.0,0.0,0.0,0.0,0,2,0
v4,Q91,19,0.0,0.0,0.0,0.0,0,2,0
v4,Q91,20,0.0,0.0,0.0,0.0,0,2,0
v4,Q91,21,0.0,0.0,0.0,0.0,0,2,0
v4,Q91,22,0.0,0.0,0.0,0.0,0,2,0
v4,Q91,23,0.0,0.0,0.0,0.0,0,2,0
v4,Q91,24,0.0,0.0,0.0,0.0,0,2,0
v4,Q91,25,0.0,0.0,0.0,0.0,0,2,0
v4,Q92,1,0.0,0.0,0.0,0.0,1,5,0
v4,Q92,2,0.0,0.0,0.0,0.0,1,5,0
v4,Q92,3,0.0,0.0,0.0,0.0,1,5,0
v4,Q92,4,0.0,0.0,0.0,0.0,0,5,0
v4,Q92,5,0.0,0.0,0.0,0.0,1,5,0
v4,Q92,6,0.0,0.0,0.0,0.0,0,5,0
v4,Q92,7,0.0,0.0,0.0,0.0,0,5,0
v4,Q92,8,0.0,0.0,0.0,0.0,0,5,0
v4,Q92,9,0.0,0.0,0.0,0.0,1,5,0
v4,Q92,10,0.0,0.0,0.0,0.0,0,5,0
v4,Q92,11,0.0,0.0,0.0,0.0,0,5,0
v4,Q92,12,0.0,0.0,0.0,0.0,0,5,0
v4,Q92,13,0.0,0.0,0.0,0.0,1,5,0
v4,Q92,14,0.0,0.0,0.0,0.0,0,5,0
v4,Q92,15,0.0,0.0,0.0,0.0,0,5,0
v4,Q92,16,0.0,0.0,0.0,0.0,0,5,0
v4,Q92,17,0.0,0.0,0.0,0.0,0,5,0
v4,Q92,18,0.0,0.0,0.0,0.0,1,5,0
v4,Q92,19,0.0,0.0,0.0,0.0,1,5,0
v4,Q92,20,0.0,0.0,0.0,0.0,0,5,0
v4,Q92,21,0.0,0.0,0.0,0.0,1,5,0
v4,Q92,22,0.0,0.0,0.0,0.0,1,5,0
v4,Q92,23,0.0,0.0,0.0,0.0,1,5,0
v4,Q92,24,0.0,0.0,0.0,0.0,1,5,0
v4,Q92,25,0.0,0.0,0.0,0.0,1,5,0
v4,Q93,1,0.0,0.0,0.0,0.0,0,5,0
v4,Q93,2,0.0,0.0,0.0,0.0,0,5,0
v4,Q93,3,0.0,0.0,0.0,0.0,0,5,0
v4,Q93,4,0.0,0.0,0.0,0.0,0,5,0
v4,Q93,5,0.0,0.0,0.0,0.0,0,5,0
v4,Q93,6,0.0,0.0,0.0,0.0,0,5,0
v4,Q93,7,1.0,0.2,0.33333333333333337,0.2,1,5,1
v4,Q93,8,0.0,0.0,0.0,0.0,1,5,0
v4,Q93,9,1.0,0.2,0.33333333333333337,0.2,1,5,1
v4,Q93,10,0.0,0.0,0.0,0.0,0,5,0
v4,Q93,11,0.0,0.0,0.0,0.0,0,5,0
v4,Q93,12,0.0,0.0,0.0,0.0,1,5,0
v4,Q93,13,0.0,0.0,0.0,0.0,0,5,0
v4,Q93,14,0.0,0.0,0.0,0.0,0,5,0
v4,Q93,15,0.0,0.0,0.0,0.0,0,5,0
v4,Q93,16,0.0,0.0,0.0,0.0,0,5,0
v4,Q93,17,1.0,0.2,0.33333333333333337,0.2,1,5,1
v4,Q93,18,0.0,0.0,0.0,0.0,0,5,0
v4,Q93,19,0.0,0.0,0.0,0.0,1,5,0
v4,Q93,20,0.0,0.0,0.0,0.0,1,5,0
v4,Q93,21,0.0,0.0,0.0,0.0,0,5,0
v4,Q93,22,0.0,0.0,0.0,0.0,0,5,0
v4,Q93,23,0.0,0.0,0.0,0.0,0,5,0
v4,Q93,24,0.0,0.0,0.0,0.0,0,5,0
v4,Q93,25,0.0,0.0,0.0,0.0,0,5,0
v4,Q94,1,0.0,0.0,0.0,0.0,0,3,0
v4,Q94,2,0.0,0.0,0.0,0.0,0,3,0
v4,Q94,3,0.0,0.0,0.0,0.0,0,3,0
v4,Q94,4,0.0,0.0,0.0,0.0,0,3,0
v4,Q94,5,0.0,0.0,0.0,0.0,0,3,0
v4,Q94,6,0.0,0.0,0.0,0.0,0,3,0
v4,Q94,7,0.0,0.0,0.0,0.0,0,3,0
v4,Q94,8,0.0,0.0,0.0,0.0,0,3,0
v4,Q94,9,0.0,0.0,0.0,0.0,0,3,0
v4,Q94,10,0.0,0.0,0.0,0.0,0,3,0
v4,Q94,11,0.0,0.0,0.0,0.0,0,3,0
v4,Q94,12,0.0,0.0,0.0,0.0,0,3,0
v4,Q94,13,0.0,0.0,0.0,0.0,0,3,0
v4,Q94,14,0.0,0.0,0.0,0.0,0,3,0
v4,Q94,15,0.0,0.0,0.0,0.0,0,3,0
v4,Q94,16,0.0,0.0,0.0,0.0,0,3,0
v4,Q94,17,0.0,0.0,0.0,0.0,0,3,0
v4,Q94,18,0.0,0.0,0.0,0.0,0,3,0
v4,Q94,19,0.0,0.0,0.0,0.0,0,3,0
v4,Q94,20,0.0,0.0,0.0,0.0,0,3,0
v4,Q94,21,0.0,0.0,0.0,0.0,0,3,0
v4,Q94,22,0.0,0.0,0.0,0.0,0,3,0
v4,Q94,23,0.0,0.0,0.0,0.0,0,3,0
v4,Q94,24,0.0,0.0,0.0,0.0,0,3,0
v4,Q94,25,0.0,0.0,0.0,0.0,0,3,0
v4,Q95,1,0.0,0.0,0.0,0.0,0,7,0
v4,Q95,2,0.0,0.0,0.0,0.0,0,7,0
v4,Q95,3,0.0,0.0,0.0,0.0,0,7,0
v4,Q95,4,0.0,0.0,0.0,0.0,0,7,0
v4,Q95,5,0.0,0.0,0.0,0.0,0,7,0
v4,Q95,6,0.0,0.0,0.0,0.0,0,7,0
v4,Q95,7,0.0,0.0,0.0,0.0,0,7,0
v4,Q95,8,0.0,0.0,0.0,0.0,0,7,0
v4,Q95,9,0.0,0.0,0.0,0.0,0,7,0
v4,Q95,10,0.0,0.0,0.0,0.0,0,7,0
v4,Q95,11,0.0,0.0,0.0,0.0,0,7,0
v4,Q95,12,0.0,0.0,0.0,0.0,0,7,0
v4,Q95,13,0.0,0.0,0.0,0.0,0,7,0
v4,Q95,14,0.0,0.0,0.0,0.0,0,7,0
v4,Q95,15,0.0,0.0,0.0,0.0,0,7,0
v4,Q95,16,0.0,0.0,0.0,0.0,0,7,0
v4,Q95,17,0.0,0.0,0.0,0.0,0,7,0
v4,Q95,18,0.0,0.0,0.0,0.0,0,7,0
v4,Q95,19,0.0,0.0,0.0,0.0,0,7,0
v4,Q95,20,0.0,0.0,0.0,0.0,0,7,0
v4,Q95,21,0.0,0.0,0.0,0.0,0,7,0
v4,Q95,22,0.0,0.0,0.0,0.0,0,7,0
v4,Q95,23,0.0,0.0,0.0,0.0,0,7,0
v4,Q95,24,0.0,0.0,0.0,0.0,0,7,0
v4,Q95,25,0.0,0.0,0.0,0.0,0,7,0
v4,Q96,1,0.0,0.0,0.0,0.0,1,8,0
v4,Q96,2,0.0,0.0,0.0,0.0,0,8,0
v4,Q96,3,0.0,0.0,0.0,0.0,1,8,0
v4,Q96,4,0.0,0.0,0.0,0.0,1,8,0
v4,Q96,5,0.0,0.0,0.0,0.0,1,8,0
v4,Q96,6,0.0,0.0,0.0,0.0,1,8,0
v4,Q96,7,0.0,0.0,0.0,0.0,1,8,0
v4,Q96,8,0.0,0.0,0.0,0.0,0,8,0
v4,Q96,9,0.0,0.0,0.0,0.0,0,8,0
v4,Q96,10,0.0,0.0,0.0,0.0,1,8,0
v4,Q96,11,0.0,0.0,0.0,0.0,1,8,0
v4,Q96,12,0.0,0.0,0.0,0.0,1,8,0
v4,Q96,13,0.0,0.0,0.0,0.0,1,8,0
v4,Q96,14,0.0,0.0,0.0,0.0,1,8,0
v4,Q96,15,0.0,0.0,0.0,0.0,1,8,0
v4,Q96,16,0.0,0.0,0.0,0.0,1,8,0
v4,Q96,17,0.0,0.0,0.0,0.0,1,8,0
v4,Q96,18,0.0,0.0,0.0,0.0,0,8,0
v4,Q96,19,0.0,0.0,0.0,0.0,0,8,0
v4,Q96,20,0.0,0.0,0.0,0.0,1,8,0
v4,Q96,21,0.0,0.0,0.0,0.0,1,8,0
v4,Q96,22,0.0,0.0,0.0,0.0,0,8,0
v4,Q96,23,0.0,0.0,0.0,0.0,0,8,0
v4,Q96,24,0.0,0.0,0.0,0.0,1,8,0
v4,Q96,25,0.0,0.0,0.0,0.0,1,8,0
v4,Q97,1,0.0,0.0,0.0,0.0,0,5,0
v4,Q97,2,0.0,0.0,0.0,0.0,0,5,0
v4,Q97,3,0.0,0.0,0.0,0.0,0,5,0
v4,Q97,4,0.0,0.0,0.0,0.0,0,5,0
v4,Q97,5,0.0,0.0,0.0,0.0,0,5,0
v4,Q97,6,0.0,0.0,0.0,0.0,0,5,0
v4,Q97,7,0.0,0.0,0.0,0.0,0,5,0
v4,Q97,8,0.0,0.0,0.0,0.0,0,5,0
v4,Q97,9,0.0,0.0,0.0,0.0,0,5,0
v4,Q97,10,0.0,0.0,0.0,0.0,0,5,0
v4,Q97,11,0.0,0.0,0.0,0.0,0,5,0
v4,Q97,12,0.0,0.0,0.0,0.0,0,5,0
v4,Q97,13,0.0,0.0,0.0,0.0,0,5,0
v4,Q97,14,0.0,0.0,0.0,0.0,0,5,0
v4,Q97,15,0.0,0.0,0.0,0.0,0,5,0
v4,Q97,16,0.0,0.0,0.0,0.0,0,5,0
v4,Q97,17,0.0,0.0,0.0,0.0,0,5,0
v4,Q97,18,0.0,0.0,0.0,0.0,0,5,0
v4,Q97,19,0.0,0.0,0.0,0.0,0,5,0
v4,Q97,20,0.0,0.0,0.0,0.0,0,5,0
v4,Q97,21,0.0,0.0,0.0,0.0,0,5,0
v4,Q97,22,0.0,0.0,0.0,0.0,0,5,0
v4,Q97,23,0.0,0.0,0.0,0.0,0,5,0
v4,Q97,24,0.0,0.0,0.0,0.0,0,5,0
v4,Q97,25,0.0,0.0,0.0,0.0,0,5,0
v4,Q98,1,0.0,0.0,0.0,0.0,0,1,0
v4,Q98,2,0.0,0.0,0.0,0.0,0,1,0
v4,Q98,3,0.0,0.0,0.0,0.0,0,1,0
v4,Q98,4,0.0,0.0,0.0,0.0,0,1,0
v4,Q98,5,0.0,0.0,0.0,0.0,0,1,0
v4,Q98,6,0.0,0.0,0.0,0.0,0,1,0
v4,Q98,7,0.0,0.0,0.0,0.0,0,1,0
v4,Q98,8,0.0,0.0,0.0,0.0,0,1,0
v4,Q98,9,0.0,0.0,0.0,0.0,0,1,0
v4,Q98,10,0.0,0.0,0.0,0.0,0,1,0
v4,Q98,11,0.0,0.0,0.0,0.0,1,1,0
v4,Q98,12,0.0,0.0,0.0,0.0,1,1,0
v4,Q98,13,0.0,0.0,0.0,0.0,0,1,0
v4,Q98,14,0.0,0.0,0.0,0.0,0,1,0
v4,Q98,15,0.0,0.0,0.0,0.0,1,1,0
v4,Q98,16,0.0,0.0,0.0,0.0,1,1,0
v4,Q98,17,0.0,0.0,0.0,0.0,1,1,0
v4,Q98,18,0.0,0.0,0.0,0.0,0,1,0
v4,Q98,19,0.0,0.0,0.0,0.0,1,1,0
v4,Q98,20,0.0,0.0,0.0,0.0,0,1,0
v4,Q98,21,0.0,0.0,0.0,0.0,0,1,0
v4,Q98,22,0.0,0.0,0.0,0.0,0,1,0
v4,Q98,23,0.0,0.0,0.0,0.0,1,1,0
v4,Q98,24,0.0,0.0,0.0,0.0,0,1,0
v4,Q98,25,0.0,0.0,0.0,0.0,0,1,0
v4,Q99,1,0.0,0.0,0.0,0.0,1,5,0
v4,Q99,2,0.0,0.0,0.0,0.0,0,5,0
v4,Q99,3,0.0,0.0,0.0,0.0,0,5,0
v4,Q99,4,0.0,0.0,0.0,0.0,1,5,0
v4,Q99,5,0.0,0.0,0.0,0.0,0,5,0
v4,Q99,6,0.0,0.0,0.0,0.0,0,5,0
v4,Q99,7,0.0,0.0,0.0,0.0,0,5,0
v4,Q99,8,0.0,0.0,0.0,0.0,0,5,0
v4,Q99,9,0.0,0.0,0.0,0.0,1,5,0
v4,Q99,10,0.0,0.0,0.0,0.0,0,5,0
v4,Q99,11,0.0,0.0,0.0,0.0,0,5,0
v4,Q99,12,0.0,0.0,0.0,0.0,0,5,0
v4,Q99,13,0.0,0.0,0.0,0.0,0,5,0
v4,Q99,14,0.0,0.0,0.0,0.0,0,5,0
v4,Q99,15,0.0,0.0,0.0,0.0,0,5,0
v4,Q99,16,0.0,0.0,0.0,0.0,0,5,0
v4,Q99,17,0.0,0.0,0.0,0.0,0,5,0
v4,Q99,18,0.0,0.0,0.0,0.0,0,5,0
v4,Q99,19,0.0,0.0,0.0,0.0,0,5,0
v4,Q99,20,0.0,0.0,0.0,0.0,0,5,0
v4,Q99,21,0.0,0.0,0.0,0.0,1,5,0
v4,Q99,22,0.0,0.0,0.0,0.0,0,5,0
v4,Q99,23,0.0,0.0,0.0,0.0,0,5,0
v4,Q99,24,0.0,0.0,0.0,0.0,0,5,0
v4,Q99,25,0.0,0.0,0.0,0.0,0,5,0
